4910885.0000,16565.0000,352.0000,5469.0000,2384506.0000,503.0000,1689667.0000,0.0000,0.0000,4721348.0000,676711.0000,4292553.0000,221.0000,421052.0000,724758.0000,75.0000,0.0000,0.0000,4817912.0000,25970.0000,4817912.0000,907319.0000,2387527.0000,2916157.0000,5878.0000,0.0000,0.0000,5299170.0000,45026.0000,5344.0000,1967.0000,24420.0000,2649589.0000,22552.0000,0.0000,0.0000,4778253.0000,1464.0000,82143.0000,1.0000,0.0000,0.0000,0.0000,0.0000,0.0000
61132142.0000,120346.0000,1560.0000,54356.0000,16375547.0000,2698.0000,9294203.0000,0.0000,0.0000,50642390.0000,4112566.0000,33455798.0000,2567.0000,4241840.0000,6589065.0000,15634.0000,0.0000,0.0000,53392375.0000,135991.0000,53392375.0000,8590731.0000,14677886.0000,22397224.0000,110782.0000,0.0000,0.0000,55288073.0000,337547.0000,76042.0000,32861.0000,334676.0000,27643997.0000,303361.0000,0.0000,0.0000,38549432.0000,64134.0000,284999.0000,4.0000,0.0000,0.0000,0.0000,0.0000,0.0000
13432113.0000,104922.0000,960.0000,38024.0000,4088733.0000,1141.0000,2696675.0000,0.0000,0.0000,9358632.0000,477144.0000,5640708.0000,1640.0000,626607.0000,1124684.0000,13433.0000,0.0000,0.0000,9572669.0000,92459.0000,9572669.0000,1227065.0000,1822542.0000,4403531.0000,48125.0000,0.0000,0.0000,9406627.0000,199710.0000,16668.0000,5089.0000,73462.0000,4703285.0000,66293.0000,0.0000,0.0000,9572903.0000,28088.0000,36042.0000,0.0000,0.0000,0.0000,0.0000,0.0000,0.0000
9403571.0000,102658.0000,1291.0000,40841.0000,1832910.0000,1015.0000,1086247.0000,0.0000,0.0000,13538155.0000,1122102.0000,9717157.0000,1682.0000,1025587.0000,1812082.0000,13436.0000,0.0000,0.0000,9367431.0000,90616.0000,9367431.0000,1224574.0000,1816719.0000,4378593.0000,44487.0000,0.0000,0.0000,9436823.0000,196663.0000,16530.0000,4888.0000,71766.0000,4718396.0000,65808.0000,0.0000,0.0000,9370621.0000,27762.0000,36025.0000,4.0000,0.0000,0.0000,0.0000,0.0000,0.0000
9545617.0000,103521.0000,1200.0000,39741.0000,1836991.0000,1073.0000,1089064.0000,0.0000,0.0000,9416914.0000,480128.0000,5661042.0000,1643.0000,628210.0000,1127491.0000,13430.0000,0.0000,0.0000,13573642.0000,111392.0000,13573642.0000,2081371.0000,4086211.0000,7091394.0000,46986.0000,0.0000,0.0000,11608375.0000,227673.0000,26194.0000,6696.0000,113141.0000,5804181.0000,104534.0000,0.0000,0.0000,13541408.0000,33545.0000,117650.0000,2.0000,0.0000,0.0000,0.0000,0.0000,0.0000
9497295.0000,103932.0000,1508.0000,38975.0000,1831059.0000,1028.0000,1084849.0000,0.0000,0.0000,9445258.0000,479841.0000,5658360.0000,1648.0000,628230.0000,1127587.0000,13427.0000,0.0000,0.0000,9383657.0000,91834.0000,9383657.0000,1224695.0000,1816304.0000,4391619.0000,44902.0000,0.0000,0.0000,16063189.0000,235091.0000,28397.0000,6746.0000,129054.0000,8031575.0000,113371.0000,0.0000,0.0000,9429200.0000,28009.0000,36041.0000,0.0000,0.0000,0.0000,0.0000,0.0000,0.0000
13526523.0000,105156.0000,927.0000,37833.0000,4094938.0000,1451.0000,2700747.0000,0.0000,0.0000,9408494.0000,480464.0000,5662002.0000,1643.0000,628187.0000,1127584.0000,13428.0000,0.0000,0.0000,9491463.0000,92293.0000,9491463.0000,1227323.0000,1822546.0000,4404496.0000,46254.0000,0.0000,0.0000,9464099.0000,196405.0000,17182.0000,5006.0000,74788.0000,4732039.0000,68351.0000,0.0000,0.0000,9396983.0000,27467.0000,36024.0000,3.0000,0.0000,0.0000,0.0000,0.0000,0.0000
9322883.0000,102963.0000,1135.0000,37261.0000,1829601.0000,896.0000,1083995.0000,0.0000,0.0000,9484381.0000,480571.0000,5662399.0000,1650.0000,628511.0000,1128069.0000,13424.0000,0.0000,0.0000,9342913.0000,91556.0000,9342913.0000,1225011.0000,1818531.0000,4387946.0000,46544.0000,0.0000,0.0000,8643044.0000,190578.0000,13453.0000,4205.0000,54798.0000,4321503.0000,53650.0000,0.0000,0.0000,9656150.0000,28116.0000,36066.0000,0.0000,0.0000,0.0000,0.0000,0.0000,0.0000
9495892.0000,103819.0000,1402.0000,38506.0000,1836148.0000,1801.0000,1088500.0000,0.0000,0.0000,13460212.0000,1122495.0000,9716046.0000,1682.0000,1024671.0000,1811369.0000,13436.0000,0.0000,0.0000,9354985.0000,91463.0000,9354985.0000,1224459.0000,1815396.0000,4380120.0000,47116.0000,0.0000,0.0000,9411768.0000,196578.0000,16653.0000,4877.0000,67997.0000,4705895.0000,66199.0000,0.0000,0.0000,13433524.0000,30566.0000,117653.0000,3.0000,0.0000,0.0000,0.0000,0.0000,0.0000
9440163.0000,103380.0000,1619.0000,39636.0000,1825442.0000,1482.0000,1081188.0000,0.0000,0.0000,9486464.0000,483599.0000,5682476.0000,1659.0000,629963.0000,1130703.0000,13428.0000,0.0000,0.0000,13609340.0000,111624.0000,13609340.0000,2082570.0000,4089434.0000,7095658.0000,49247.0000,0.0000,0.0000,9591506.0000,213356.0000,17539.0000,5163.0000,71667.0000,4795767.0000,69784.0000,0.0000,0.0000,9510950.0000,28078.0000,36034.0000,4.0000,0.0000,0.0000,0.0000,0.0000,0.0000
9469633.0000,103633.0000,955.0000,40186.0000,1831922.0000,1024.0000,1085328.0000,0.0000,0.0000,9319598.0000,478788.0000,5650811.0000,1637.0000,627482.0000,1126339.0000,13428.0000,0.0000,0.0000,9349634.0000,91101.0000,9349634.0000,1225093.0000,1818738.0000,4386067.0000,46820.0000,0.0000,0.0000,13445886.0000,207275.0000,18250.0000,5382.0000,74703.0000,6722945.0000,72928.0000,0.0000,0.0000,9368934.0000,28940.0000,36025.0000,1.0000,0.0000,0.0000,0.0000,0.0000,0.0000
9369786.0000,102800.0000,873.0000,38492.0000,1823739.0000,983.0000,1080190.0000,0.0000,0.0000,9466275.0000,480954.0000,5665758.0000,1652.0000,628636.0000,1128272.0000,13430.0000,0.0000,0.0000,9485406.0000,92206.0000,9485406.0000,1226274.0000,1820289.0000,4391837.0000,45819.0000,0.0000,0.0000,15219262.0000,199433.0000,17848.0000,5202.0000,73506.0000,7609626.0000,71138.0000,0.0000,0.0000,9418928.0000,27798.0000,36043.0000,0.0000,0.0000,0.0000,0.0000,0.0000,0.0000
15217689.0000,103742.0000,1086.0000,37998.0000,3281066.0000,1696.0000,2536614.0000,0.0000,0.0000,19545170.0000,1127394.0000,18377328.0000,1720.0000,2465969.0000,4692250.0000,13447.0000,0.0000,0.0000,15373809.0000,91811.0000,15373809.0000,4180978.0000,3300981.0000,8829461.0000,45765.0000,0.0000,0.0000,9806214.0000,201165.0000,16452.0000,4777.0000,66823.0000,4903115.0000,65428.0000,0.0000,0.0000,9388586.0000,28372.0000,36025.0000,3.0000,0.0000,0.0000,0.0000,0.0000,0.0000
10073833.0000,103997.0000,928.0000,38776.0000,1833093.0000,1365.0000,1086165.0000,0.0000,0.0000,9849666.0000,480181.0000,5661030.0000,1642.0000,628076.0000,1127397.0000,13426.0000,0.0000,0.0000,14099338.0000,112038.0000,14099338.0000,2083889.0000,4094075.0000,7104227.0000,53095.0000,0.0000,0.0000,691427031.0000,17221766.0000,2119015.0000,1043433.0000,11966038.0000,345713071.0000,8393394.0000,0.0000,0.0000,42153953.0000,247283.0000,117737.0000,6.0000,0.0000,0.0000,0.0000,0.0000,0.0000
9897460.0000,103171.0000,885.0000,38930.0000,1831957.0000,977.0000,1085602.0000,0.0000,0.0000,101147066.0000,1658670.0000,10230114.0000,3996.0000,779036.0000,1277059.0000,13438.0000,0.0000,0.0000,9898840.0000,90752.0000,9898840.0000,1225628.0000,1819329.0000,4389083.0000,44292.0000,0.0000,0.0000,1107375795.0000,30943273.0000,3615944.0000,1751395.0000,19767211.0000,553687145.0000,14355450.0000,0.0000,0.0000,10151642.0000,28150.0000,36069.0000,2.0000,0.0000,0.0000,0.0000,0.0000,0.0000
998247757.0000,105908.0000,1962.0000,12924319.0000,37012197.0000,13969861.0000,22192921.0000,0.0000,0.0000,1145144569.0000,17015227.0000,70418334.0000,33692.0000,2439556.0000,2468425.0000,459.0000,0.0000,0.0000,844163169.0000,119277.0000,844163169.0000,2870937.0000,34142597.0000,33825810.0000,11424316.0000,0.0000,0.0000,1350109201.0000,26929154.0000,4334632.0000,2075559.0000,24617573.0000,675054237.0000,17324222.0000,0.0000,0.0000,665631946.0000,3808955.0000,36028.0000,121.0000,0.0000,0.0000,0.0000,0.0000,0.0000
1058240795.0000,109416.0000,1900.0000,12289148.0000,78458424.0000,11075821.0000,43923963.0000,0.0000,0.0000,1055984137.0000,14519927.0000,150953574.0000,24927.0000,7731556.0000,8844173.0000,13659.0000,0.0000,0.0000,878110715.0000,237930.0000,878110715.0000,3815471.0000,52245457.0000,49288107.0000,11247579.0000,0.0000,0.0000,1610458417.0000,26126082.0000,4209871.0000,2003889.0000,22362457.0000,805229087.0000,17007888.0000,0.0000,0.0000,889466640.0000,4821645.0000,482.0000,173.0000,0.0000,0.0000,0.0000,0.0000,0.0000
1364209469.0000,18640.0000,1809.0000,12520890.0000,152557537.0000,9904972.0000,83263740.0000,0.0000,0.0000,1341511323.0000,15188225.0000,326845792.0000,13723.0000,17827365.0000,19966596.0000,692.0000,0.0000,0.0000,1509696359.0000,2110331.0000,1509696359.0000,23206807.0000,214599705.0000,212525600.0000,13392835.0000,0.0000,0.0000,1540557901.0000,22797693.0000,4354737.0000,1911002.0000,22180698.0000,770278728.0000,17543454.0000,0.0000,0.0000,986109579.0000,4478745.0000,119436.0000,174.0000,0.0000,0.0000,0.0000,0.0000,0.0000
1640732952.0000,31543.0000,2159.0000,11632605.0000,303162993.0000,252392.0000,162501955.0000,0.0000,0.0000,1614911432.0000,15060976.0000,528516375.0000,3930.0000,29424289.0000,32704157.0000,1169.0000,0.0000,0.0000,1524096268.0000,2738410.0000,1524096268.0000,28674878.0000,265820997.0000,262981318.0000,12158549.0000,0.0000,0.0000,1631182540.0000,26731784.0000,4379373.0000,2086921.0000,22898747.0000,815591168.0000,17680562.0000,0.0000,0.0000,1561526649.0000,5211457.0000,5243.0000,315.0000,0.0000,0.0000,0.0000,0.0000,0.0000
1647569391.0000,29303.0000,2173.0000,11342989.0000,284282527.0000,2141586.0000,151963907.0000,0.0000,0.0000,1583042894.0000,14964220.0000,484244051.0000,2329.0000,26812071.0000,29783584.0000,1089.0000,0.0000,0.0000,1555148372.0000,2791655.0000,1555148372.0000,29229497.0000,270145480.0000,267657221.0000,11998172.0000,0.0000,0.0000,1637970623.0000,27744534.0000,4574648.0000,2181057.0000,23716905.0000,818985249.0000,18433738.0000,0.0000,0.0000,1613911336.0000,5747637.0000,5050.0000,333.0000,0.0000,0.0000,0.0000,0.0000,0.0000
1660966473.0000,25215.0000,1879.0000,11277276.0000,307432236.0000,1098721.0000,164587170.0000,0.0000,0.0000,1593868452.0000,15816587.0000,512634671.0000,860.0000,28394317.0000,31546502.0000,1163.0000,0.0000,0.0000,1634552881.0000,3036083.0000,1634552881.0000,31777489.0000,293218232.0000,290568725.0000,13096997.0000,0.0000,0.0000,1523849641.0000,24835429.0000,4332261.0000,2057362.0000,22695271.0000,761924812.0000,17468818.0000,0.0000,0.0000,1612241117.0000,5289592.0000,5721.0000,310.0000,0.0000,0.0000,0.0000,0.0000,0.0000
1680614151.0000,121165.0000,2763.0000,12108267.0000,299535180.0000,1122697.0000,160404872.0000,0.0000,0.0000,1637821400.0000,15420981.0000,527469539.0000,1268.0000,29305634.0000,32565369.0000,1175.0000,0.0000,0.0000,1685213511.0000,3149793.0000,1685213511.0000,32986410.0000,304621513.0000,301769776.0000,13952403.0000,0.0000,0.0000,1703318902.0000,29261026.0000,4650811.0000,2217942.0000,24460131.0000,851659379.0000,18763027.0000,0.0000,0.0000,1662937802.0000,5700972.0000,33219.0000,385.0000,0.0000,0.0000,0.0000,0.0000,0.0000
1732143212.0000,25161.0000,2090.0000,12604968.0000,300026921.0000,2138233.0000,160359018.0000,0.0000,0.0000,1663872321.0000,15749729.0000,501920665.0000,1253.0000,27768062.0000,30843416.0000,1130.0000,0.0000,0.0000,1646534197.0000,2840589.0000,1646534197.0000,29877232.0000,277789374.0000,274608952.0000,13572962.0000,0.0000,0.0000,1699358895.0000,29984304.0000,4688816.0000,2213335.0000,24615230.0000,849679419.0000,18942508.0000,0.0000,0.0000,1593880018.0000,5198483.0000,5218.0000,321.0000,0.0000,0.0000,0.0000,0.0000,0.0000
1686602181.0000,23249.0000,1811.0000,13225476.0000,311494396.0000,598206.0000,166668988.0000,0.0000,0.0000,1662054673.0000,15605048.0000,540776659.0000,1144.0000,30083545.0000,33435837.0000,1232.0000,0.0000,0.0000,1634048523.0000,3059616.0000,1634048523.0000,32008294.0000,295112118.0000,292533584.0000,15141179.0000,0.0000,0.0000,1755381618.0000,29854522.0000,4803649.0000,2282004.0000,25366176.0000,877690869.0000,19431872.0000,0.0000,0.0000,1682691814.0000,5802375.0000,12717.0000,319.0000,0.0000,0.0000,0.0000,0.0000,0.0000
1630938321.0000,26323.0000,2093.0000,12675802.0000,296910278.0000,1620168.0000,158994396.0000,0.0000,0.0000,1656724704.0000,16760586.0000,531415989.0000,1908.0000,29619768.0000,33149515.0000,1203.0000,0.0000,0.0000,1725014815.0000,3233389.0000,1725014815.0000,33938458.0000,314739546.0000,311379944.0000,14624621.0000,0.0000,0.0000,1602249227.0000,27253585.0000,4401123.0000,2152125.0000,23458845.0000,801124575.0000,17795907.0000,0.0000,0.0000,1629344682.0000,5538257.0000,5373.0000,380.0000,0.0000,0.0000,0.0000,0.0000,0.0000
1666994461.0000,104133.0000,2408.0000,12191836.0000,303039909.0000,2134933.0000,162053749.0000,0.0000,0.0000,1725805038.0000,17445073.0000,550693689.0000,2416.0000,30441090.0000,33808397.0000,1243.0000,0.0000,0.0000,1682077212.0000,3175387.0000,1682077212.0000,33336440.0000,309055800.0000,305786259.0000,14366216.0000,0.0000,0.0000,1728874821.0000,30598809.0000,4818466.0000,2262802.0000,26305729.0000,864437276.0000,19409796.0000,0.0000,0.0000,1661992085.0000,5274639.0000,5971.0000,321.0000,0.0000,0.0000,0.0000,0.0000,0.0000
1595533500.0000,25659.0000,2073.0000,12458511.0000,310205318.0000,67983.0000,166660873.0000,0.0000,0.0000,1734759088.0000,16881714.0000,587883615.0000,921.0000,32709916.0000,36356920.0000,1317.0000,0.0000,0.0000,1679636744.0000,3250039.0000,1679636744.0000,34006583.0000,313615501.0000,310844678.0000,15452886.0000,0.0000,0.0000,1642151554.0000,26423671.0000,5023237.0000,2439094.0000,26303184.0000,821075640.0000,20231872.0000,0.0000,0.0000,1627399576.0000,5545919.0000,5528.0000,322.0000,0.0000,0.0000,0.0000,0.0000,0.0000
1628027189.0000,52113.0000,2377.0000,12755293.0000,259686426.0000,4204752.0000,138366600.0000,0.0000,0.0000,1567891976.0000,16340241.0000,437445357.0000,5622.0000,24111573.0000,26984033.0000,963.0000,0.0000,0.0000,1610176690.0000,2883033.0000,1610176690.0000,30369539.0000,283972712.0000,279799621.0000,13629645.0000,0.0000,0.0000,1701281688.0000,30663222.0000,5047752.0000,2403091.0000,26177760.0000,850640700.0000,20324641.0000,0.0000,0.0000,1645314796.0000,5562063.0000,5368.0000,321.0000,0.0000,0.0000,0.0000,0.0000,0.0000
1607007080.0000,23946.0000,1994.0000,12578101.0000,275455056.0000,1394485.0000,145928671.0000,0.0000,0.0000,1618629634.0000,15590339.0000,439821774.0000,6144.0000,24026358.0000,26643245.0000,969.0000,0.0000,0.0000,1564422299.0000,2324298.0000,1564422299.0000,24853206.0000,238315390.0000,233133939.0000,13166094.0000,0.0000,0.0000,1728251926.0000,30564309.0000,4809380.0000,2300999.0000,25155559.0000,864125888.0000,19446953.0000,0.0000,0.0000,1673315753.0000,5376083.0000,5608.0000,381.0000,0.0000,0.0000,0.0000,0.0000,0.0000
1606250064.0000,23374.0000,2215.0000,14921831.0000,222452211.0000,7014904.0000,119316627.0000,0.0000,0.0000,1585103700.0000,16272699.0000,411401653.0000,9324.0000,22433164.0000,24858753.0000,915.0000,0.0000,0.0000,1477701255.0000,2116692.0000,1477701255.0000,22610803.0000,215957355.0000,211828966.0000,13035793.0000,0.0000,0.0000,1760949861.0000,31947016.0000,4940140.0000,2347422.0000,25912167.0000,880474859.0000,19946794.0000,0.0000,0.0000,1524742413.0000,5497036.0000,3427.0000,309.0000,0.0000,0.0000,0.0000,0.0000,0.0000
1782234564.0000,27490.0000,2174.0000,14318152.0000,321758264.0000,1105895.0000,172216689.0000,0.0000,0.0000,1579609507.0000,14829139.0000,500552037.0000,1020.0000,27793660.0000,30886427.0000,1144.0000,0.0000,0.0000,1637656285.0000,2971139.0000,1637656285.0000,31072318.0000,286216099.0000,283911170.0000,14605641.0000,0.0000,0.0000,1663934278.0000,31155297.0000,4658884.0000,2223136.0000,24278008.0000,831967059.0000,18799882.0000,0.0000,0.0000,1657128318.0000,5165053.0000,5625.0000,319.0000,0.0000,0.0000,0.0000,0.0000,0.0000
1628190366.0000,26125.0000,2118.0000,13445971.0000,283620249.0000,1110674.0000,151796921.0000,0.0000,0.0000,1728294163.0000,16543430.0000,536508363.0000,2097.0000,29963704.0000,33547983.0000,1214.0000,0.0000,0.0000,1703971237.0000,3050036.0000,1703971237.0000,32033454.0000,297302324.0000,294024903.0000,15347879.0000,0.0000,0.0000,1687284682.0000,29239021.0000,4661830.0000,2235786.0000,24468730.0000,843642305.0000,18852265.0000,0.0000,0.0000,1638433731.0000,5864281.0000,5192.0000,349.0000,0.0000,0.0000,0.0000,0.0000,0.0000
1708620368.0000,24649.0000,2155.0000,13327943.0000,301016523.0000,2139189.0000,160940190.0000,0.0000,0.0000,1621383228.0000,15656646.0000,484790365.0000,961.0000,26765551.0000,29732719.0000,1075.0000,0.0000,0.0000,1645182126.0000,3130427.0000,1645182126.0000,32698814.0000,300490381.0000,298200365.0000,15344141.0000,0.0000,0.0000,1676310514.0000,28704839.0000,5005437.0000,2535053.0000,26662501.0000,838155255.0000,20198160.0000,0.0000,0.0000,1736423891.0000,5908657.0000,5429.0000,362.0000,0.0000,0.0000,0.0000,0.0000,0.0000
1640053066.0000,24275.0000,1985.0000,13038058.0000,305251990.0000,593170.0000,163474687.0000,0.0000,0.0000,1653153224.0000,15629213.0000,545852774.0000,954.0000,30379624.0000,33768803.0000,1231.0000,0.0000,0.0000,1661940837.0000,2656256.0000,1661940837.0000,28311995.0000,268711566.0000,263846528.0000,14004849.0000,0.0000,0.0000,1681088440.0000,30973911.0000,4518354.0000,2175661.0000,23828595.0000,840544293.0000,18283585.0000,0.0000,0.0000,1639458692.0000,5657441.0000,4990.0000,345.0000,0.0000,0.0000,0.0000,0.0000,0.0000
1633457503.0000,25347.0000,2091.0000,12333201.0000,292557272.0000,1630848.0000,156504623.0000,0.0000,0.0000,1728852899.0000,16451553.0000,533645882.0000,1306.0000,29558258.0000,32841603.0000,1211.0000,0.0000,0.0000,1691122634.0000,3059168.0000,1691122634.0000,32113995.0000,297779585.0000,294494548.0000,14780018.0000,0.0000,0.0000,1756945839.0000,29750275.0000,4897044.0000,2354075.0000,26034229.0000,878472923.0000,19784567.0000,0.0000,0.0000,1656612289.0000,5777384.0000,5444.0000,325.0000,0.0000,0.0000,0.0000,0.0000,0.0000
1663144657.0000,25358.0000,2004.0000,12913073.0000,300094967.0000,1475974.0000,160459105.0000,0.0000,0.0000,1722742023.0000,18049599.0000,559079045.0000,2230.0000,31107553.0000,34803500.0000,1449.0000,0.0000,0.0000,1656495595.0000,3218113.0000,1656495595.0000,33649131.0000,309555323.0000,307183016.0000,15580191.0000,0.0000,0.0000,1686648901.0000,29467221.0000,4567987.0000,2203741.0000,24288722.0000,843324502.0000,18485204.0000,0.0000,0.0000,1640149051.0000,5109796.0000,5831.0000,359.0000,0.0000,0.0000,0.0000,0.0000,0.0000
1726545191.0000,28030.0000,2266.0000,13722954.0000,321284409.0000,1253273.0000,172053945.0000,0.0000,0.0000,1664730970.0000,15877660.0000,556445098.0000,1039.0000,30974424.0000,34429968.0000,1264.0000,0.0000,0.0000,1661844729.0000,3060643.0000,1661844729.0000,32290507.0000,298217468.0000,295242000.0000,15090954.0000,0.0000,0.0000,1774392814.0000,32539365.0000,5109508.0000,2452027.0000,27220843.0000,887196434.0000,20614381.0000,0.0000,0.0000,1679181912.0000,5741230.0000,5478.0000,328.0000,0.0000,0.0000,0.0000,0.0000,0.0000
1798547451.0000,28974.0000,2358.0000,14378522.0000,332208955.0000,1634077.0000,177685640.0000,0.0000,0.0000,1630640132.0000,15811309.0000,508823558.0000,2173.0000,28167173.0000,31288005.0000,1156.0000,0.0000,0.0000,1570254782.0000,2965731.0000,1570254782.0000,30980663.0000,284688218.0000,282472765.0000,14189863.0000,0.0000,0.0000,1572299070.0000,27322292.0000,4346868.0000,2099004.0000,23183946.0000,786149486.0000,17583342.0000,0.0000,0.0000,1661941784.0000,5276639.0000,5672.0000,342.0000,0.0000,0.0000,0.0000,0.0000,0.0000
1780746754.0000,24684.0000,2005.0000,13410226.0000,325865656.0000,1105664.0000,173802108.0000,0.0000,0.0000,1803826195.0000,17864719.0000,549939529.0000,1428.0000,30529200.0000,34146418.0000,1214.0000,0.0000,0.0000,1632765361.0000,2916419.0000,1632765361.0000,30711404.0000,286299387.0000,282737504.0000,14553019.0000,0.0000,0.0000,1723409963.0000,31562736.0000,5360126.0000,2689828.0000,27423135.0000,861704961.0000,21572496.0000,0.0000,0.0000,1780827815.0000,5927475.0000,6275.0000,367.0000,0.0000,0.0000,0.0000,0.0000,0.0000
1731645688.0000,24930.0000,1915.0000,14999495.0000,279330220.0000,4174122.0000,148980950.0000,0.0000,0.0000,1733050862.0000,17489550.0000,553104946.0000,1537.0000,30581349.0000,33964522.0000,1229.0000,0.0000,0.0000,1625903117.0000,2816821.0000,1625903117.0000,30516483.0000,281417004.0000,277583023.0000,14723028.0000,0.0000,0.0000,1722672860.0000,29473263.0000,4876428.0000,2347521.0000,25478454.0000,861336412.0000,19713034.0000,0.0000,0.0000,1825007381.0000,6576636.0000,5596.0000,379.0000,0.0000,0.0000,0.0000,0.0000,0.0000
1710249517.0000,20940.0000,1649.0000,15603857.0000,247587643.0000,6489972.0000,131711061.0000,0.0000,0.0000,1720285327.0000,19855023.0000,387924353.0000,1173.0000,21309348.0000,23923744.0000,5078.0000,0.0000,0.0000,1646388218.0000,2844104.0000,1646388218.0000,30092993.0000,282089033.0000,278182118.0000,15196287.0000,0.0000,0.0000,1670725412.0000,31034057.0000,4642034.0000,2203026.0000,24112576.0000,835362688.0000,18760354.0000,0.0000,0.0000,1712681718.0000,6302791.0000,5576.0000,320.0000,0.0000,0.0000,0.0000,0.0000,0.0000
1659673194.0000,26287.0000,1973.0000,13809618.0000,291838698.0000,1457948.0000,156441893.0000,0.0000,0.0000,1589607791.0000,15435029.0000,522419055.0000,2851.0000,29736907.0000,33570720.0000,16039.0000,0.0000,0.0000,1809050419.0000,2915580.0000,1809050419.0000,30931242.0000,291501971.0000,286869952.0000,17097191.0000,0.0000,0.0000,1742059402.0000,33310740.0000,4890781.0000,2329719.0000,25486171.0000,871029675.0000,19736708.0000,0.0000,0.0000,1783396559.0000,6237929.0000,5486.0000,345.0000,0.0000,0.0000,0.0000,0.0000,0.0000
1712254710.0000,25060.0000,1953.0000,14086835.0000,315866939.0000,1627197.0000,168996716.0000,0.0000,0.0000,1714350592.0000,16157339.0000,527099691.0000,905.0000,29204685.0000,32447577.0000,1197.0000,0.0000,0.0000,1645480404.0000,3109982.0000,1645480404.0000,32564548.0000,300602026.0000,297850421.0000,15440974.0000,0.0000,0.0000,1737584304.0000,30351740.0000,4746208.0000,2280393.0000,24886403.0000,868792125.0000,19186393.0000,0.0000,0.0000,1782683756.0000,6323900.0000,6009.0000,411.0000,0.0000,0.0000,0.0000,0.0000,0.0000
1694298493.0000,22993.0000,1757.0000,13829883.0000,301072788.0000,1625932.0000,161047885.0000,0.0000,0.0000,1739573190.0000,16828981.0000,546725651.0000,526.0000,30280583.0000,33640820.0000,1237.0000,0.0000,0.0000,1779189184.0000,3327856.0000,1779189184.0000,34906385.0000,323065670.0000,319836088.0000,16526868.0000,0.0000,0.0000,1741093005.0000,31499519.0000,4839003.0000,2365099.0000,25062655.0000,870546473.0000,19562652.0000,0.0000,0.0000,1787929320.0000,5928886.0000,6088.0000,344.0000,0.0000,0.0000,0.0000,0.0000,0.0000
1788449765.0000,26958.0000,2075.0000,14946852.0000,324266091.0000,1124564.0000,173944459.0000,0.0000,0.0000,1714724490.0000,16201757.0000,553957680.0000,408.0000,30785028.0000,34212863.0000,1257.0000,0.0000,0.0000,1700788539.0000,2776258.0000,1700788539.0000,29500083.0000,278448797.0000,273917684.0000,15053923.0000,0.0000,0.0000,1724946859.0000,32530631.0000,4986544.0000,2387563.0000,26287544.0000,862473393.0000,20144903.0000,0.0000,0.0000,1616734888.0000,6122173.0000,4759.0000,340.0000,0.0000,0.0000,0.0000,0.0000,0.0000
1729111497.0000,65113.0000,2363.0000,13394002.0000,319929260.0000,1629522.0000,171233041.0000,0.0000,0.0000,1715752468.0000,17128877.0000,537678676.0000,372.0000,29948449.0000,33511743.0000,1217.0000,0.0000,0.0000,1824901576.0000,3557348.0000,1824901576.0000,37157129.0000,341691104.0000,338935091.0000,16489742.0000,0.0000,0.0000,1714148544.0000,31226677.0000,4612442.0000,2163635.0000,24264033.0000,857074219.0000,18660236.0000,0.0000,0.0000,1760796662.0000,6041254.0000,5918.0000,381.0000,0.0000,0.0000,0.0000,0.0000,0.0000
1788749248.0000,26098.0000,2139.0000,13867153.0000,328333543.0000,1631805.0000,175627435.0000,0.0000,0.0000,1620723951.0000,15942359.0000,535582433.0000,369.0000,29732513.0000,33040843.0000,1218.0000,0.0000,0.0000,1563295998.0000,2879496.0000,1563295998.0000,30984817.0000,283096076.0000,280101798.0000,13908022.0000,0.0000,0.0000,1710567119.0000,30966567.0000,4922484.0000,2357228.0000,26104923.0000,855283447.0000,19878253.0000,0.0000,0.0000,1807328918.0000,5974367.0000,6320.0000,351.0000,0.0000,0.0000,0.0000,0.0000,0.0000
1745357135.0000,105699.0000,2521.0000,14086181.0000,322930135.0000,1110049.0000,173328698.0000,0.0000,0.0000,1766370422.0000,17021366.0000,570009498.0000,398.0000,31631906.0000,35150544.0000,1293.0000,0.0000,0.0000,1797193894.0000,3034142.0000,1797193894.0000,32175605.0000,302859941.0000,298171423.0000,15631059.0000,0.0000,0.0000,1760948364.0000,32420866.0000,4926442.0000,2334302.0000,26090276.0000,880474154.0000,19906400.0000,0.0000,0.0000,1715979589.0000,5788630.0000,5725.0000,342.0000,0.0000,0.0000,0.0000,0.0000,0.0000
1691692619.0000,24588.0000,2004.0000,13216689.0000,303639126.0000,1656451.0000,162183482.0000,0.0000,0.0000,1756876223.0000,18727928.0000,567942061.0000,410.0000,31777765.0000,36165522.0000,1273.0000,0.0000,0.0000,1786258885.0000,3490861.0000,1786258885.0000,36512976.0000,336460748.0000,333477490.0000,16180799.0000,0.0000,0.0000,1666081909.0000,30877914.0000,4405845.0000,2073708.0000,23370245.0000,833040902.0000,17836490.0000,0.0000,0.0000,1617112661.0000,5275287.0000,5629.0000,325.0000,0.0000,0.0000,0.0000,0.0000,0.0000
1620797937.0000,23232.0000,1855.0000,12952350.0000,288684345.0000,2129999.0000,153906957.0000,0.0000,0.0000,1274146153.0000,12782996.0000,440425487.0000,2401.0000,25008053.0000,28713581.0000,14325.0000,0.0000,0.0000,1739862298.0000,3249509.0000,1739862298.0000,34783279.0000,316962837.0000,314090651.0000,15725829.0000,0.0000,0.0000,1740504111.0000,31144094.0000,5572629.0000,2711758.0000,28357668.0000,870252030.0000,22412573.0000,0.0000,0.0000,1715955538.0000,5639481.0000,6079.0000,402.0000,0.0000,0.0000,0.0000,0.0000,0.0000
1729851921.0000,27752.0000,2165.0000,14418353.0000,274659567.0000,4679575.0000,147263135.0000,0.0000,0.0000,1678996837.0000,17098234.0000,466647616.0000,785.0000,25505285.0000,28287180.0000,1015.0000,0.0000,0.0000,1606866407.0000,2671776.0000,1606866407.0000,28509201.0000,268954082.0000,264447872.0000,14357705.0000,0.0000,0.0000,1785574251.0000,32000974.0000,5115881.0000,2442125.0000,26630632.0000,892787088.0000,20669490.0000,0.0000,0.0000,1698936162.0000,5885765.0000,27194.0000,357.0000,0.0000,0.0000,0.0000,0.0000,0.0000
1606432710.0000,24223.0000,1950.0000,13307003.0000,272303651.0000,2337790.0000,145186555.0000,0.0000,0.0000,1738392423.0000,15739175.0000,513110985.0000,809.0000,28335415.0000,31468007.0000,1135.0000,0.0000,0.0000,1826992292.0000,3201171.0000,1826992292.0000,33775167.0000,315294226.0000,311225447.0000,16772610.0000,0.0000,0.0000,1810536894.0000,34026175.0000,4939172.0000,2372371.0000,25694383.0000,905268421.0000,19969367.0000,0.0000,0.0000,1695328628.0000,6597962.0000,5459.0000,361.0000,0.0000,0.0000,0.0000,0.0000,0.0000
1686407364.0000,25989.0000,2133.0000,13969351.0000,278550523.0000,4027999.0000,148821175.0000,0.0000,0.0000,1613272141.0000,17164613.0000,440141140.0000,1244.0000,24020478.0000,26630034.0000,962.0000,0.0000,0.0000,1626698350.0000,2564021.0000,1626698350.0000,27275940.0000,258009598.0000,253558934.0000,14933246.0000,0.0000,0.0000,1789406784.0000,32144896.0000,4982626.0000,2403462.0000,25885897.0000,894703376.0000,20097594.0000,0.0000,0.0000,1735507581.0000,6017689.0000,5701.0000,385.0000,0.0000,0.0000,0.0000,0.0000,0.0000
1688097423.0000,24421.0000,1976.0000,13730486.0000,310472054.0000,1103313.0000,166237655.0000,0.0000,0.0000,1687964952.0000,16361687.0000,539520813.0000,962.0000,29915718.0000,33235504.0000,1206.0000,0.0000,0.0000,1709420955.0000,3173457.0000,1709420955.0000,33236527.0000,306878823.0000,304076630.0000,16208836.0000,0.0000,0.0000,1715011514.0000,29946964.0000,4910663.0000,2357389.0000,25607303.0000,857505724.0000,19853137.0000,0.0000,0.0000,1762882857.0000,6217246.0000,5703.0000,367.0000,0.0000,0.0000,0.0000,0.0000,0.0000
1739451169.0000,25859.0000,2250.0000,14227389.0000,316551466.0000,1628794.0000,169372213.0000,0.0000,0.0000,1680295772.0000,15807073.0000,551130823.0000,767.0000,30668049.0000,34089193.0000,1238.0000,0.0000,0.0000,1641286740.0000,2966062.0000,1641286740.0000,31237397.0000,286023198.0000,283958179.0000,14622381.0000,0.0000,0.0000,1860209259.0000,34685875.0000,5142271.0000,2486227.0000,26731692.0000,930104602.0000,20815987.0000,0.0000,0.0000,1713359378.0000,5525495.0000,6044.0000,388.0000,0.0000,0.0000,0.0000,0.0000,0.0000
1717030355.0000,25215.0000,2196.0000,14004959.0000,309748421.0000,1629805.0000,165672280.0000,0.0000,0.0000,1757361445.0000,17211173.0000,545524068.0000,510.0000,30161020.0000,33499051.0000,1220.0000,0.0000,0.0000,1676351029.0000,3071395.0000,1676351029.0000,32243372.0000,298989692.0000,295740933.0000,15128176.0000,0.0000,0.0000,1825816330.0000,35754208.0000,5417933.0000,2601861.0000,28738532.0000,912908050.0000,21866076.0000,0.0000,0.0000,1731854116.0000,7022083.0000,5087.0000,352.0000,0.0000,0.0000,0.0000,0.0000,0.0000
1811100570.0000,26432.0000,2207.0000,14485825.0000,335124174.0000,1631188.0000,179278165.0000,0.0000,0.0000,1704360635.0000,18234910.0000,556735634.0000,692.0000,31025526.0000,34816580.0000,4396.0000,0.0000,0.0000,1711449001.0000,3288788.0000,1711449001.0000,35048609.0000,317523166.0000,315098233.0000,15813106.0000,0.0000,0.0000,1761548892.0000,32130776.0000,4871546.0000,2310984.0000,25525919.0000,880774396.0000,19711515.0000,0.0000,0.0000,1553892075.0000,5321725.0000,5454.0000,341.0000,0.0000,0.0000,0.0000,0.0000,0.0000
1709707073.0000,52829.0000,2374.0000,13169804.0000,317029831.0000,1115471.0000,170112062.0000,0.0000,0.0000,1741208827.0000,16583737.0000,595568645.0000,495.0000,33203667.0000,36915360.0000,1348.0000,0.0000,0.0000,1762413565.0000,3360247.0000,1762413565.0000,35230171.0000,325632379.0000,322591196.0000,16772795.0000,0.0000,0.0000,1730519182.0000,31267619.0000,4943886.0000,2356526.0000,26570037.0000,865259475.0000,19964876.0000,0.0000,0.0000,1793739625.0000,6303465.0000,6249.0000,386.0000,0.0000,0.0000,0.0000,0.0000,0.0000
1764993495.0000,26229.0000,2280.0000,14035413.0000,322503108.0000,1629632.0000,172515022.0000,0.0000,0.0000,1834160215.0000,18053756.0000,581041639.0000,391.0000,32161970.0000,35727034.0000,1308.0000,0.0000,0.0000,1856352541.0000,3143891.0000,1856352541.0000,33394146.0000,315168167.0000,310026161.0000,16052848.0000,0.0000,0.0000,1806109386.0000,32963801.0000,5079580.0000,2421367.0000,26905316.0000,903054660.0000,20539829.0000,0.0000,0.0000,1785093275.0000,6314071.0000,5454.0000,361.0000,0.0000,0.0000,0.0000,0.0000,0.0000
1686181592.0000,23129.0000,1989.0000,13569756.0000,312574409.0000,1623715.0000,167259602.0000,0.0000,0.0000,1787348980.0000,18790531.0000,527049330.0000,408.0000,29094256.0000,32530633.0000,1172.0000,0.0000,0.0000,1709848530.0000,3372953.0000,1709848530.0000,35229346.0000,323912908.0000,321386343.0000,15837550.0000,0.0000,0.0000,1522469172.0000,28418271.0000,4781731.0000,2306930.0000,24461015.0000,761234572.0000,19273730.0000,0.0000,0.0000,1727791464.0000,5777519.0000,6151.0000,417.0000,0.0000,0.0000,0.0000,0.0000,0.0000
1723487250.0000,23883.0000,2060.0000,14025127.0000,314322056.0000,1426209.0000,167518416.0000,0.0000,0.0000,1560827676.0000,15137962.0000,525113084.0000,1373.0000,29227968.0000,32488362.0000,1176.0000,0.0000,0.0000,1767170752.0000,3264436.0000,1767170752.0000,34355782.0000,319745357.0000,315979712.0000,15918794.0000,0.0000,0.0000,1656659614.0000,29756343.0000,4575842.0000,2141028.0000,24062407.0000,828329807.0000,18464591.0000,0.0000,0.0000,1635386994.0000,5251608.0000,40922.0000,348.0000,0.0000,0.0000,0.0000,0.0000,0.0000
1752665334.0000,26974.0000,2205.0000,14398290.0000,278778740.0000,5456650.0000,149436944.0000,0.0000,0.0000,1690254854.0000,17281190.0000,466770260.0000,1551.0000,25492551.0000,28272408.0000,1027.0000,0.0000,0.0000,1773166001.0000,3049657.0000,1773166001.0000,32345617.0000,304660560.0000,299841185.0000,15798311.0000,0.0000,0.0000,1729558874.0000,30525934.0000,4899708.0000,2328413.0000,25763251.0000,864779456.0000,19798173.0000,0.0000,0.0000,1755458702.0000,6172945.0000,5409.0000,317.0000,0.0000,0.0000,0.0000,0.0000,0.0000
1776892568.0000,26804.0000,2107.0000,14741082.0000,309437042.0000,2480178.0000,165060950.0000,0.0000,0.0000,1590411930.0000,15270441.0000,510952372.0000,1123.0000,28298406.0000,31441038.0000,1129.0000,0.0000,0.0000,1609215675.0000,2884613.0000,1609215675.0000,30711222.0000,277712983.0000,276544420.0000,14919489.0000,0.0000,0.0000,1808985911.0000,33161058.0000,4840326.0000,2278912.0000,25310430.0000,904492921.0000,19585552.0000,0.0000,0.0000,1832457154.0000,6705407.0000,5683.0000,403.0000,0.0000,0.0000,0.0000,0.0000,0.0000
1602275258.0000,24749.0000,2056.0000,13994941.0000,268924155.0000,3881044.0000,143713810.0000,0.0000,0.0000,1724137923.0000,18324369.0000,477596239.0000,3238.0000,26065446.0000,28900322.0000,1046.0000,0.0000,0.0000,1748186114.0000,2893911.0000,1748186114.0000,30703946.0000,289380725.0000,284797870.0000,16237417.0000,0.0000,0.0000,1882574173.0000,33032365.0000,5145462.0000,2415501.0000,27032385.0000,941287062.0000,20773620.0000,0.0000,0.0000,1749324867.0000,6121577.0000,6043.0000,314.0000,0.0000,0.0000,0.0000,0.0000,0.0000
1708714181.0000,28245.0000,2302.0000,14164118.0000,317769439.0000,1615863.0000,170013101.0000,0.0000,0.0000,1729113578.0000,17024828.0000,547950860.0000,1416.0000,30345348.0000,33744375.0000,2160.0000,0.0000,0.0000,1746330388.0000,3296049.0000,1746330388.0000,34561753.0000,319992498.0000,316737821.0000,16204658.0000,0.0000,0.0000,1811594097.0000,32130929.0000,5034086.0000,2406458.0000,26553623.0000,905797030.0000,20366499.0000,0.0000,0.0000,1854025503.0000,6487774.0000,6331.0000,335.0000,0.0000,0.0000,0.0000,0.0000,0.0000
1750182586.0000,26465.0000,2177.0000,13308004.0000,323022888.0000,1104402.0000,172915527.0000,0.0000,0.0000,1657863242.0000,16245564.0000,556022613.0000,1822.0000,30917138.0000,34360266.0000,1254.0000,0.0000,0.0000,1778228784.0000,3460984.0000,1778228784.0000,36248194.0000,334824266.0000,331716956.0000,16096577.0000,0.0000,0.0000,1715444011.0000,30673594.0000,4595838.0000,2188123.0000,24164939.0000,857721979.0000,18622563.0000,0.0000,0.0000,1729969888.0000,5919732.0000,15600.0000,310.0000,0.0000,0.0000,0.0000,0.0000,0.0000
1760128260.0000,26364.0000,2362.0000,13819563.0000,321655688.0000,1631036.0000,172069245.0000,0.0000,0.0000,1759785897.0000,18124478.0000,576637787.0000,596.0000,32173297.0000,36051985.0000,3030.0000,0.0000,0.0000,1881310231.0000,3710240.0000,1881310231.0000,38901959.0000,359747860.0000,356220759.0000,17023139.0000,0.0000,0.0000,1759475609.0000,33623400.0000,4968816.0000,2376622.0000,26530168.0000,879737684.0000,20083814.0000,0.0000,0.0000,1805153209.0000,6647764.0000,5851.0000,377.0000,0.0000,0.0000,0.0000,0.0000,0.0000
1617822340.0000,22202.0000,1806.0000,12735954.0000,306417153.0000,1102183.0000,163984666.0000,0.0000,0.0000,1717143315.0000,17398472.0000,558283648.0000,527.0000,30896005.0000,34322043.0000,1246.0000,0.0000,0.0000,1810910158.0000,3551104.0000,1810910158.0000,37248719.0000,344608533.0000,341143045.0000,17214945.0000,0.0000,0.0000,1745333645.0000,30729191.0000,5088570.0000,2447970.0000,26984976.0000,872666724.0000,20558384.0000,0.0000,0.0000,1679796488.0000,5901874.0000,5660.0000,307.0000,0.0000,0.0000,0.0000,0.0000,0.0000
1733741864.0000,29953.0000,2306.0000,13632456.0000,328557358.0000,1109951.0000,176278832.0000,0.0000,0.0000,1654395476.0000,15983357.0000,549554608.0000,392.0000,30556573.0000,33962174.0000,1233.0000,0.0000,0.0000,1717394784.0000,3423025.0000,1717394784.0000,35856552.0000,331018826.0000,327967678.0000,16024890.0000,0.0000,0.0000,1727842744.0000,30755049.0000,4529705.0000,2184957.0000,24163350.0000,863921285.0000,18388982.0000,0.0000,0.0000,1938168789.0000,6395854.0000,6919.0000,353.0000,0.0000,0.0000,0.0000,0.0000,0.0000
1669776180.0000,24090.0000,2094.0000,13601585.0000,305990760.0000,1619311.0000,163730388.0000,0.0000,0.0000,1729023533.0000,16963608.0000,544798037.0000,539.0000,30151854.0000,33496679.0000,1225.0000,0.0000,0.0000,1652257092.0000,2831418.0000,1652257092.0000,30136363.0000,281210093.0000,277205335.0000,14086735.0000,0.0000,0.0000,1585303855.0000,27472145.0000,4405450.0000,2126339.0000,23492066.0000,792651924.0000,17835248.0000,0.0000,0.0000,1828267401.0000,6393600.0000,5981.0000,381.0000,0.0000,0.0000,0.0000,0.0000,0.0000
1689057588.0000,25080.0000,2115.0000,13492582.0000,310314314.0000,1623004.0000,165993263.0000,0.0000,0.0000,1590549337.0000,16377825.0000,471410358.0000,2022.0000,26207233.0000,29496367.0000,14127.0000,0.0000,0.0000,1782211140.0000,3515761.0000,1782211140.0000,36792701.0000,339232998.0000,336212664.0000,16312809.0000,0.0000,0.0000,1853460137.0000,34721672.0000,5627918.0000,2747835.0000,29280519.0000,926730052.0000,22742588.0000,0.0000,0.0000,1875555894.0000,6199521.0000,15583.0000,341.0000,0.0000,0.0000,0.0000,0.0000,0.0000
1785618232.0000,28854.0000,2316.0000,13593113.0000,338363140.0000,1109105.0000,181586014.0000,0.0000,0.0000,1686698061.0000,16808650.0000,571113104.0000,1273.0000,31738196.0000,35271662.0000,1286.0000,0.0000,0.0000,1660770751.0000,3192874.0000,1660770751.0000,33521279.0000,310517372.0000,307474453.0000,15562359.0000,0.0000,0.0000,1453634256.0000,26596007.0000,3864873.0000,1845771.0000,21391346.0000,726817124.0000,15675469.0000,0.0000,0.0000,1729791957.0000,6213852.0000,5459.0000,319.0000,0.0000,0.0000,0.0000,0.0000,0.0000
1853452282.0000,26072.0000,2218.0000,14649304.0000,313934456.0000,3711807.0000,167508682.0000,0.0000,0.0000,1777882363.0000,18417242.0000,519061203.0000,1421.0000,28444777.0000,31557167.0000,1150.0000,0.0000,0.0000,1855244436.0000,3004917.0000,1855244436.0000,31935953.0000,302788954.0000,296810837.0000,15647637.0000,0.0000,0.0000,1920932742.0000,36077804.0000,5154974.0000,2516793.0000,27462524.0000,960466387.0000,20934432.0000,0.0000,0.0000,1782085889.0000,6174198.0000,87734.0000,323.0000,0.0000,0.0000,0.0000,0.0000,0.0000
1709538029.0000,119572.0000,2569.0000,12928239.0000,285344094.0000,3335656.0000,152164662.0000,0.0000,0.0000,1778252826.0000,17940807.0000,528742440.0000,1560.0000,29070317.0000,32263458.0000,1171.0000,0.0000,0.0000,1820053148.0000,3242872.0000,1820053148.0000,34208022.0000,318598198.0000,315207997.0000,16242639.0000,0.0000,0.0000,2003144641.0000,36232307.0000,5650137.0000,2840538.0000,30282255.0000,1001572267.0000,22867520.0000,0.0000,0.0000,1700928196.0000,6473889.0000,5593.0000,307.0000,0.0000,0.0000,0.0000,0.0000,0.0000
1666670667.0000,27425.0000,2195.0000,13696193.0000,267206481.0000,3541163.0000,142725686.0000,0.0000,0.0000,1705235779.0000,16991012.0000,504960057.0000,2805.0000,27794093.0000,30847622.0000,1107.0000,0.0000,0.0000,1771108920.0000,2959638.0000,1771108920.0000,31539418.0000,295024972.0000,290992805.0000,16664273.0000,0.0000,0.0000,1775143369.0000,31799645.0000,4750189.0000,2278661.0000,25080835.0000,887571582.0000,19227971.0000,0.0000,0.0000,1693669320.0000,5909481.0000,5710.0000,321.0000,0.0000,0.0000,0.0000,0.0000,0.0000
1704397751.0000,124601.0000,2885.0000,13865311.0000,319676641.0000,1105036.0000,171005508.0000,0.0000,0.0000,1749970163.0000,17284227.0000,551626465.0000,1807.0000,30511239.0000,33889829.0000,1233.0000,0.0000,0.0000,1687434370.0000,3254303.0000,1687434370.0000,34080558.0000,314801751.0000,311800951.0000,15782169.0000,0.0000,0.0000,1783646032.0000,32346583.0000,4809803.0000,2314982.0000,25511066.0000,891822890.0000,19504948.0000,0.0000,0.0000,1723542487.0000,6206510.0000,5482.0000,337.0000,0.0000,0.0000,0.0000,0.0000,0.0000
1729906635.0000,28278.0000,2313.0000,14071539.0000,323931908.0000,1276900.0000,173348180.0000,0.0000,0.0000,1679536185.0000,16649099.0000,552817490.0000,1817.0000,30715090.0000,34183508.0000,2829.0000,0.0000,0.0000,1681788849.0000,3142306.0000,1681788849.0000,32970608.0000,305530209.0000,302313875.0000,15483808.0000,0.0000,0.0000,1809737247.0000,32684351.0000,4865418.0000,2314612.0000,25675714.0000,904868581.0000,19670222.0000,0.0000,0.0000,1701165409.0000,5701109.0000,20795.0000,395.0000,0.0000,0.0000,0.0000,0.0000,0.0000
1786085366.0000,27153.0000,2372.0000,14411467.0000,326666279.0000,1460628.0000,174533254.0000,0.0000,0.0000,1717110778.0000,16243718.0000,547236168.0000,543.0000,30393332.0000,33795148.0000,1628.0000,0.0000,0.0000,1513013475.0000,2843930.0000,1513013475.0000,29867588.0000,276804487.0000,273953196.0000,13397284.0000,0.0000,0.0000,1789109721.0000,32234369.0000,4934864.0000,2377258.0000,25959625.0000,894554838.0000,19947264.0000,0.0000,0.0000,1684002986.0000,5508994.0000,5798.0000,329.0000,0.0000,0.0000,0.0000,0.0000,0.0000
1829863840.0000,26628.0000,2296.0000,15789020.0000,325867783.0000,4216529.0000,174744983.0000,0.0000,0.0000,1609041336.0000,17025915.0000,463547505.0000,8208.0000,25410866.0000,28177768.0000,1005.0000,0.0000,0.0000,1825135330.0000,3514895.0000,1825135330.0000,36808253.0000,339708619.0000,336615933.0000,16556407.0000,0.0000,0.0000,1561620600.0000,28402256.0000,4312563.0000,2043000.0000,23021824.0000,780810210.0000,17435521.0000,0.0000,0.0000,1643652446.0000,5419086.0000,5720.0000,321.0000,0.0000,0.0000,0.0000,0.0000,0.0000
1926924769.0000,27329.0000,2302.0000,15335326.0000,372220253.0000,1627936.0000,199159920.0000,0.0000,0.0000,1715272572.0000,17571850.0000,497600164.0000,550.0000,27342709.0000,30342360.0000,1098.0000,0.0000,0.0000,1552262612.0000,2858875.0000,1552262612.0000,30008103.0000,278108840.0000,275115743.0000,14261186.0000,0.0000,0.0000,1640228789.0000,30088265.0000,4526902.0000,2170418.0000,24025972.0000,820114372.0000,18302280.0000,0.0000,0.0000,1809973923.0000,6076341.0000,6236.0000,402.0000,0.0000,0.0000,0.0000,0.0000,0.0000
1832810912.0000,26858.0000,2274.0000,15609058.0000,353660364.0000,600567.0000,189334784.0000,0.0000,0.0000,1763812514.0000,17290221.0000,559595388.0000,391.0000,30990147.0000,34429144.0000,1272.0000,0.0000,0.0000,1665666399.0000,3172026.0000,1665666399.0000,33315323.0000,308921631.0000,305644452.0000,14300740.0000,0.0000,0.0000,1614853056.0000,30848279.0000,4734193.0000,2324235.0000,24700039.0000,807426512.0000,19089486.0000,0.0000,0.0000,1702640818.0000,6373354.0000,4654.0000,331.0000,0.0000,0.0000,0.0000,0.0000,0.0000
1836597280.0000,28400.0000,2504.0000,14769099.0000,335185778.0000,2150663.0000,179753900.0000,0.0000,0.0000,1787586869.0000,17037878.0000,581443956.0000,417.0000,32308716.0000,35906097.0000,1294.0000,0.0000,0.0000,1785873751.0000,3395630.0000,1785873751.0000,35579806.0000,328641773.0000,325635161.0000,16897479.0000,0.0000,0.0000,1773460163.0000,32363309.0000,4923560.0000,2340595.0000,25855775.0000,886730052.0000,19864069.0000,0.0000,0.0000,1695511570.0000,5745608.0000,4642.0000,341.0000,0.0000,0.0000,0.0000,0.0000,0.0000
1875091799.0000,27172.0000,2206.0000,15825569.0000,326405797.0000,3715784.0000,174025213.0000,0.0000,0.0000,1810343206.0000,17931042.0000,585087691.0000,525.0000,32418130.0000,36016261.0000,1311.0000,0.0000,0.0000,1765423848.0000,3313247.0000,1765423848.0000,34752936.0000,322669450.0000,318574597.0000,16814837.0000,0.0000,0.0000,1681992742.0000,29798579.0000,4547970.0000,2164176.0000,23874782.0000,840996373.0000,18376856.0000,0.0000,0.0000,1780713826.0000,6361567.0000,5081.0000,359.0000,0.0000,0.0000,0.0000,0.0000,0.0000
1942125557.0000,27991.0000,2288.0000,15896328.0000,358867021.0000,1124855.0000,191463677.0000,0.0000,0.0000,1479547479.0000,14886788.0000,487161267.0000,408.0000,27380695.0000,30932346.0000,1100.0000,0.0000,0.0000,1697155127.0000,2907173.0000,1697155127.0000,31641169.0000,285011942.0000,283013065.0000,14118229.0000,0.0000,0.0000,1877456115.0000,34898556.0000,5095276.0000,2427326.0000,26756769.0000,938728060.0000,20616472.0000,0.0000,0.0000,1757237911.0000,6403505.0000,5707.0000,403.0000,0.0000,0.0000,0.0000,0.0000,0.0000
1018635803.0000,112953.0000,2135.0000,9232834.0000,167330855.0000,2870213.0000,89105047.0000,0.0000,0.0000,1025128036.0000,11156445.0000,287005899.0000,2102.0000,15965790.0000,18128492.0000,13974.0000,0.0000,0.0000,1030477514.0000,2020981.0000,1030477514.0000,21545492.0000,191747598.0000,191396702.0000,9528282.0000,0.0000,0.0000,1545149208.0000,27603587.0000,4386135.0000,2144085.0000,23296152.0000,772574597.0000,17680412.0000,0.0000,0.0000,1772688242.0000,6203554.0000,6131.0000,321.0000,0.0000,0.0000,0.0000,0.0000,0.0000
1038984639.0000,126220.0000,2570.0000,8530785.0000,200154583.0000,958116.0000,107505880.0000,0.0000,0.0000,1022411122.0000,10968115.0000,272005007.0000,2884.0000,15090405.0000,17148497.0000,13931.0000,0.0000,0.0000,1023567737.0000,1744935.0000,1023567737.0000,18868292.0000,169640054.0000,169028464.0000,8879452.0000,0.0000,0.0000,1120496276.0000,21611266.0000,3254993.0000,1542869.0000,15857970.0000,560248124.0000,13144843.0000,0.0000,0.0000,1757472035.0000,6179908.0000,5766.0000,316.0000,0.0000,0.0000,0.0000,0.0000,0.0000
1030928266.0000,116100.0000,2392.0000,8391428.0000,201061702.0000,970978.0000,107898034.0000,0.0000,0.0000,1022786607.0000,10457710.0000,346541051.0000,3024.0000,19571498.0000,22175046.0000,14123.0000,0.0000,0.0000,1028113708.0000,1783895.0000,1028113708.0000,19274755.0000,172078399.0000,172434663.0000,10860715.0000,0.0000,0.0000,1030413585.0000,19247067.0000,2785277.0000,1315107.0000,13617008.0000,515206737.0000,11289892.0000,0.0000,0.0000,1661113014.0000,5367523.0000,4667.0000,364.0000,0.0000,0.0000,0.0000,0.0000,0.0000
1021483551.0000,118003.0000,2094.0000,8651389.0000,202828963.0000,1078685.0000,108573658.0000,0.0000,0.0000,1027545339.0000,10796097.0000,341858911.0000,2708.0000,19250327.0000,21809473.0000,14110.0000,0.0000,0.0000,1029046338.0000,2111580.0000,1029046338.0000,22382174.0000,196962289.0000,197841993.0000,9898935.0000,0.0000,0.0000,1036844362.0000,20026451.0000,2977910.0000,1395367.0000,14553587.0000,518422150.0000,12048541.0000,0.0000,0.0000,1565639881.0000,5095853.0000,5105.0000,306.0000,0.0000,0.0000,0.0000,0.0000,0.0000
1030654992.0000,114238.0000,1994.0000,8627698.0000,203537494.0000,557937.0000,108904277.0000,0.0000,0.0000,1032422348.0000,11151474.0000,353996825.0000,2659.0000,20160014.0000,23073505.0000,14137.0000,0.0000,0.0000,1024544740.0000,2063847.0000,1024544740.0000,22570551.0000,194032603.0000,195028652.0000,9816353.0000,0.0000,0.0000,1028151300.0000,18153837.0000,2784207.0000,1292193.0000,13496576.0000,514075617.0000,11264113.0000,0.0000,0.0000,1216651999.0000,3795867.0000,39229.0000,234.0000,0.0000,0.0000,0.0000,0.0000,0.0000
1002456883.0000,113694.0000,1692.0000,6787940.0000,146396432.0000,566330.0000,75150672.0000,0.0000,0.0000,1028961239.0000,10643913.0000,303311509.0000,1855.0000,17500128.0000,20617571.0000,13997.0000,0.0000,0.0000,1028602597.0000,2037722.0000,1028602597.0000,21613959.0000,189929888.0000,190793125.0000,9344396.0000,0.0000,0.0000,1033560122.0000,17596505.0000,2986734.0000,1457978.0000,14663680.0000,516780044.0000,12074951.0000,0.0000,0.0000,1647871378.0000,5203399.0000,5123.0000,339.0000,0.0000,0.0000,0.0000,0.0000,0.0000
1008979526.0000,113782.0000,1834.0000,8976562.0000,170356997.0000,3139698.0000,91741281.0000,0.0000,0.0000,1529133504.0000,13504904.0000,327586987.0000,1675.0000,17460509.0000,19315765.0000,684.0000,0.0000,0.0000,1035902677.0000,2044445.0000,1035902677.0000,21715652.0000,191576570.0000,192184208.0000,9598748.0000,0.0000,0.0000,937989808.0000,14081331.0000,2943641.0000,1502787.0000,14282087.0000,468994885.0000,11847716.0000,0.0000,0.0000,1715672963.0000,5897698.0000,5957.0000,379.0000,0.0000,0.0000,0.0000,0.0000,0.0000
1032096769.0000,117368.0000,2098.0000,8705995.0000,201746513.0000,565673.0000,108140115.0000,0.0000,0.0000,1601915943.0000,17573951.0000,436923621.0000,2695.0000,23745798.0000,26312736.0000,949.0000,0.0000,0.0000,1034525095.0000,2082307.0000,1034525095.0000,22098163.0000,194965124.0000,195514140.0000,9418434.0000,0.0000,0.0000,683299731.0000,12267318.0000,2447254.0000,1216063.0000,10533302.0000,341649879.0000,9806087.0000,0.0000,0.0000,1827232378.0000,6208953.0000,6222.0000,331.0000,0.0000,0.0000,0.0000,0.0000,0.0000
1025399234.0000,116048.0000,2155.0000,8148172.0000,192361107.0000,1081789.0000,102957099.0000,0.0000,0.0000,1800581335.0000,17178238.0000,582971650.0000,2073.0000,32383404.0000,35985968.0000,1300.0000,0.0000,0.0000,1033415056.0000,2138690.0000,1033415056.0000,22693198.0000,200182425.0000,200987081.0000,9638614.0000,0.0000,0.0000,964705283.0000,16275259.0000,3248681.0000,1575103.0000,16111319.0000,482352641.0000,13100595.0000,0.0000,0.0000,1811156422.0000,5820898.0000,6158.0000,347.0000,0.0000,0.0000,0.0000,0.0000,0.0000
1032967301.0000,118747.0000,2439.0000,8312024.0000,186906631.0000,565220.0000,101258385.0000,0.0000,0.0000,1565136748.0000,15226456.0000,511634139.0000,1489.0000,28404954.0000,31565097.0000,1129.0000,0.0000,0.0000,1038715176.0000,2013411.0000,1038715176.0000,23004348.0000,192139166.0000,193922528.0000,9004147.0000,0.0000,0.0000,1019374279.0000,19023274.0000,2891563.0000,1342207.0000,14426451.0000,509687126.0000,11676318.0000,0.0000,0.0000,1712719008.0000,5867823.0000,5340.0000,382.0000,0.0000,0.0000,0.0000,0.0000,0.0000
1655509750.0000,21928.0000,1778.0000,13202679.0000,292857862.0000,1105386.0000,155966117.0000,0.0000,0.0000,1739370663.0000,17121641.0000,553298752.0000,544.0000,30635973.0000,34035642.0000,1241.0000,0.0000,0.0000,1327192937.0000,2507397.0000,1327192937.0000,26489322.0000,234235300.0000,235060197.0000,11452166.0000,0.0000,0.0000,1024183386.0000,19185774.0000,2899311.0000,1368226.0000,14318567.0000,512091692.0000,11736961.0000,0.0000,0.0000,1741528089.0000,6711368.0000,5081.0000,335.0000,0.0000,0.0000,0.0000,0.0000,0.0000
1600432508.0000,18566.0000,1670.0000,13062643.0000,233343336.0000,1902088.0000,121797570.0000,0.0000,0.0000,1667766712.0000,16494329.0000,525923781.0000,347.0000,29322699.0000,32818685.0000,1169.0000,0.0000,0.0000,1649885197.0000,2749927.0000,1649885197.0000,29058184.0000,274810296.0000,268689031.0000,13768597.0000,0.0000,0.0000,1039712859.0000,20193304.0000,2956308.0000,1386442.0000,14535242.0000,519856403.0000,11946881.0000,0.0000,0.0000,1675032776.0000,6893019.0000,5051.0000,304.0000,0.0000,0.0000,0.0000,0.0000,0.0000
1508333887.0000,17279.0000,1589.0000,11500549.0000,228362915.0000,4486395.0000,121979017.0000,0.0000,0.0000,1792590165.0000,16746858.0000,574177393.0000,379.0000,31859555.0000,35405416.0000,1269.0000,0.0000,0.0000,1396981130.0000,2453061.0000,1396981130.0000,26420692.0000,242343458.0000,238588872.0000,12323975.0000,0.0000,0.0000,1038717541.0000,18991322.0000,2827661.0000,1327143.0000,13971873.0000,519358738.0000,11441973.0000,0.0000,0.0000,2003511062.0000,7252229.0000,88443.0000,404.0000,0.0000,0.0000,0.0000,0.0000,0.0000
1663872722.0000,25327.0000,2020.0000,13758898.0000,304066601.0000,1108229.0000,163110059.0000,0.0000,0.0000,1567808992.0000,14224511.0000,407352109.0000,1183.0000,22385994.0000,25051875.0000,6910.0000,0.0000,0.0000,1045454345.0000,2041868.0000,1045454345.0000,22381229.0000,192453948.0000,193389714.0000,9685414.0000,0.0000,0.0000,1030575565.0000,19964335.0000,2857834.0000,1367776.0000,14121359.0000,515287753.0000,11553497.0000,0.0000,0.0000,1785767389.0000,6575406.0000,6178.0000,323.0000,0.0000,0.0000,0.0000,0.0000,0.0000
1650584553.0000,23460.0000,1861.0000,14051109.0000,299312373.0000,1115754.0000,160257110.0000,0.0000,0.0000,1764933780.0000,17916908.0000,538688172.0000,382.0000,29715514.0000,32994729.0000,1210.0000,0.0000,0.0000,1031733854.0000,1821795.0000,1031733854.0000,19661065.0000,176469479.0000,175914369.0000,9548774.0000,0.0000,0.0000,1030331809.0000,18876876.0000,2959857.0000,1414080.0000,14612360.0000,515165909.0000,11969745.0000,0.0000,0.0000,1254335193.0000,3321370.0000,4083.0000,223.0000,0.0000,0.0000,0.0000,0.0000,0.0000
1789247490.0000,24023.0000,2004.0000,15772682.0000,321463478.0000,1461367.0000,171125775.0000,0.0000,0.0000,1661385964.0000,16016028.0000,532064704.0000,398.0000,29510856.0000,32789333.0000,1191.0000,0.0000,0.0000,1033243907.0000,1367707.0000,1033243907.0000,14889017.0000,136227690.0000,132821151.0000,8313341.0000,0.0000,0.0000,1034396487.0000,19395319.0000,2830805.0000,1350052.0000,13959460.0000,517198193.0000,11454271.0000,0.0000,0.0000,1049080362.0000,3330008.0000,39484.0000,185.0000,0.0000,0.0000,0.0000,0.0000,0.0000
1490100624.0000,19749.0000,1670.0000,12213767.0000,266927538.0000,1798234.0000,142933143.0000,0.0000,0.0000,1746709778.0000,16444940.0000,534325908.0000,533.0000,29554355.0000,32831921.0000,1189.0000,0.0000,0.0000,972585036.0000,1839297.0000,972585036.0000,19649098.0000,173810399.0000,173962371.0000,9475907.0000,0.0000,0.0000,1038160636.0000,18833115.0000,2821990.0000,1335086.0000,13889795.0000,519080300.0000,11436576.0000,0.0000,0.0000,1559892124.0000,6345979.0000,5566.0000,335.0000,0.0000,0.0000,0.0000,0.0000,0.0000
1584882757.0000,23656.0000,1868.0000,12932112.0000,294786297.0000,1109997.0000,157027185.0000,0.0000,0.0000,1712121029.0000,16582113.0000,523980086.0000,338.0000,28879864.0000,32068588.0000,1155.0000,0.0000,0.0000,1032882956.0000,2070827.0000,1032882956.0000,21971707.0000,193279343.0000,194129266.0000,10246295.0000,0.0000,0.0000,1034392117.0000,18958303.0000,2842853.0000,1316965.0000,13857753.0000,517196022.0000,11493983.0000,0.0000,0.0000,854917120.0000,2928434.0000,39117.0000,152.0000,0.0000,0.0000,0.0000,0.0000,0.0000
1270513653.0000,117369.0000,2533.0000,10700928.0000,239682461.0000,580554.0000,128497158.0000,0.0000,0.0000,1010487017.0000,10971806.0000,361014692.0000,440.0000,20251224.0000,22753014.0000,792.0000,0.0000,0.0000,1031480552.0000,2040971.0000,1031480552.0000,21706865.0000,191767573.0000,192249541.0000,9823264.0000,0.0000,0.0000,1030296600.0000,18639136.0000,2926676.0000,1370604.0000,14276829.0000,515148277.0000,11833019.0000,0.0000,0.0000,615543096.0000,2185491.0000,38123.0000,112.0000,0.0000,0.0000,0.0000,0.0000,0.0000
755464275.0000,109552.0000,1659.0000,6537952.0000,151202465.0000,39364.0000,81335882.0000,0.0000,0.0000,853334895.0000,9122502.0000,300081921.0000,1798.0000,16971435.0000,19283487.0000,14014.0000,0.0000,0.0000,761950681.0000,1556370.0000,761950681.0000,17152559.0000,143695793.0000,145292827.0000,7344768.0000,0.0000,0.0000,1032239853.0000,19548240.0000,2698931.0000,1283596.0000,13261984.0000,516119904.0000,10958484.0000,0.0000,0.0000,15252741.0000,5998.0000,51479.0000,4.0000,0.0000,0.0000,0.0000,0.0000,0.0000
9478347.0000,102423.0000,919.0000,37214.0000,1823704.0000,964.0000,1080514.0000,0.0000,0.0000,291439983.0000,3002424.0000,110584618.0000,1699.0000,7580253.0000,10203540.0000,13577.0000,0.0000,0.0000,978435770.0000,2022927.0000,978435770.0000,21486832.0000,189169656.0000,189990547.0000,9471078.0000,0.0000,0.0000,763038311.0000,14163373.0000,2316471.0000,1102957.0000,9939162.0000,381519111.0000,9343767.0000,0.0000,0.0000,15023443.0000,34083.0000,118030.0000,7.0000,0.0000,0.0000,0.0000,0.0000,0.0000
