4848190.0000,17601.0000,475.0000,5847.0000,2370260.0000,634.0000,1683668.0000,0.0000,0.0000,4794902.0000,685956.0000,4335664.0000,238.0000,425959.0000,732338.0000,102.0000,0.0000,0.0000,4688483.0000,26883.0000,4688483.0000,903793.0000,2384861.0000,2914848.0000,6295.0000,0.0000,0.0000,4443066.0000,27836.0000,1649.0000,386.0000,7084.0000,2221523.0000,6821.0000,0.0000,0.0000,4308820.0000,2076.0000,81887.0000,1.0000,0.0000,0.0000,0.0000,0.0000,0.0000
287733821.0000,148976.0000,2412.0000,747886.0000,32591199.0000,13380.0000,21457876.0000,0.0000,0.0000,287981883.0000,8154853.0000,113814910.0000,4073.0000,14777208.0000,26376360.0000,205221.0000,0.0000,0.0000,285855908.0000,669971.0000,285855908.0000,27287031.0000,32886742.0000,79087983.0000,818386.0000,0.0000,0.0000,285236502.0000,2195937.0000,654514.0000,459088.0000,3645758.0000,142618167.0000,2764125.0000,0.0000,0.0000,291842105.0000,1094643.0000,268510.0000,57.0000,0.0000,0.0000,0.0000,0.0000,0.0000
914913486.0000,168459.0000,3480.0000,2697658.0000,81653905.0000,45158.0000,58017435.0000,0.0000,0.0000,1274370521.0000,20821471.0000,411182559.0000,19852.0000,56743693.0000,106035628.0000,12.0000,0.0000,0.0000,1080205813.0000,2040322.0000,1080205813.0000,92069937.0000,90571263.0000,249259942.0000,3757400.0000,0.0000,0.0000,1039765478.0000,9007448.0000,2985087.0000,2229892.0000,16722525.0000,519881678.0000,12729457.0000,0.0000,0.0000,1073066464.0000,3111824.0000,646549.0000,193.0000,0.0000,0.0000,0.0000,0.0000,0.0000
1020008186.0000,190969.0000,3717.0000,2999626.0000,91968840.0000,49901.0000,66419261.0000,0.0000,0.0000,804741073.0000,17034763.0000,280074425.0000,24368.0000,36882160.0000,67692024.0000,13192.0000,0.0000,0.0000,1058230433.0000,1988132.0000,1058230433.0000,95061255.0000,93898487.0000,254026315.0000,3743271.0000,0.0000,0.0000,1167852526.0000,9724649.0000,3051946.0000,2304749.0000,18339928.0000,583925641.0000,13011355.0000,0.0000,0.0000,1197405032.0000,3806288.0000,679522.0000,246.0000,0.0000,0.0000,0.0000,0.0000,0.0000
1061842027.0000,182874.0000,3567.0000,3177206.0000,90814204.0000,51207.0000,64582202.0000,0.0000,0.0000,996149538.0000,18160458.0000,342327320.0000,23168.0000,46802404.0000,86941351.0000,13186.0000,0.0000,0.0000,1024834805.0000,1902580.0000,1024834805.0000,87882947.0000,87522208.0000,238872791.0000,3642957.0000,0.0000,0.0000,1172416959.0000,10069363.0000,3115726.0000,2435593.0000,18236729.0000,586208152.0000,13229045.0000,0.0000,0.0000,1104895871.0000,4283111.0000,669170.0000,210.0000,0.0000,0.0000,0.0000,0.0000,0.0000
959294294.0000,174114.0000,3458.0000,2840034.0000,86113354.0000,48459.0000,60944471.0000,0.0000,0.0000,1095631776.0000,19085275.0000,391183621.0000,11343.0000,54245442.0000,101649495.0000,13183.0000,0.0000,0.0000,1038632227.0000,1933751.0000,1038632227.0000,91993800.0000,94496883.0000,251970193.0000,4097334.0000,0.0000,0.0000,1070057273.0000,10076313.0000,3102880.0000,2505934.0000,17783250.0000,535028108.0000,13107291.0000,0.0000,0.0000,1291522411.0000,4773773.0000,821932.0000,237.0000,0.0000,0.0000,0.0000,0.0000,0.0000
971011431.0000,181319.0000,3529.0000,2935371.0000,89035712.0000,50791.0000,62870615.0000,0.0000,0.0000,1158967152.0000,19416681.0000,384451116.0000,14606.0000,52956310.0000,99000134.0000,13185.0000,0.0000,0.0000,1113493776.0000,1897901.0000,1113493776.0000,95428727.0000,98213288.0000,262060503.0000,4208830.0000,0.0000,0.0000,1142306409.0000,11118348.0000,3545925.0000,2913164.0000,21117879.0000,571153685.0000,14936220.0000,0.0000,0.0000,1041451424.0000,3941226.0000,716378.0000,183.0000,0.0000,0.0000,0.0000,0.0000,0.0000
1205796846.0000,116138.0000,3757.0000,3669178.0000,110119195.0000,61773.0000,77504586.0000,0.0000,0.0000,1019154366.0000,19393974.0000,337032932.0000,13685.0000,45172040.0000,83393195.0000,13197.0000,0.0000,0.0000,1313601552.0000,2119721.0000,1313601552.0000,123839571.0000,125812002.0000,330257727.0000,5225243.0000,0.0000,0.0000,1076441883.0000,11086238.0000,3568809.0000,2959198.0000,21996466.0000,538221090.0000,14993749.0000,0.0000,0.0000,1013698647.0000,3841712.0000,772239.0000,238.0000,0.0000,0.0000,0.0000,0.0000,0.0000
1143113111.0000,173012.0000,3913.0000,3435660.0000,101723066.0000,58951.0000,72241693.0000,0.0000,0.0000,1399879290.0000,24290305.0000,482296202.0000,25675.0000,66747818.0000,124564953.0000,48.0000,0.0000,0.0000,739371671.0000,1233932.0000,739371671.0000,66857091.0000,74350786.0000,186225876.0000,3444149.0000,0.0000,0.0000,1064744038.0000,10071431.0000,3137892.0000,2554667.0000,17258910.0000,532371326.0000,13223305.0000,0.0000,0.0000,1071690726.0000,4480837.0000,754808.0000,194.0000,0.0000,0.0000,0.0000,0.0000,0.0000
1278393994.0000,206848.0000,4720.0000,3913807.0000,115230574.0000,68977.0000,81040710.0000,0.0000,0.0000,922167138.0000,19170658.0000,334339437.0000,22940.0000,44577583.0000,82031213.0000,13186.0000,0.0000,0.0000,988013540.0000,1720154.0000,988013540.0000,99048981.0000,99258657.0000,261979778.0000,4183558.0000,0.0000,0.0000,869238048.0000,9218316.0000,3015168.0000,2422033.0000,15905554.0000,434618934.0000,12675246.0000,0.0000,0.0000,1055944620.0000,4891807.0000,808246.0000,231.0000,0.0000,0.0000,0.0000,0.0000,0.0000
1175733526.0000,176325.0000,3885.0000,3555079.0000,104976309.0000,62239.0000,74404561.0000,0.0000,0.0000,1063130505.0000,22537268.0000,383489172.0000,24008.0000,50881434.0000,93354072.0000,12757.0000,0.0000,0.0000,1041483693.0000,1671386.0000,1041483693.0000,100523193.0000,103348350.0000,269740692.0000,4498410.0000,0.0000,0.0000,1024236969.0000,10180205.0000,3189549.0000,2604335.0000,17624131.0000,512117915.0000,13434981.0000,0.0000,0.0000,1128410472.0000,5003172.0000,867565.0000,199.0000,0.0000,0.0000,0.0000,0.0000,0.0000
1001838962.0000,182255.0000,4318.0000,3062296.0000,98179223.0000,59556.0000,68283338.0000,0.0000,0.0000,1229949802.0000,23878947.0000,439317936.0000,15770.0000,59186185.0000,109778485.0000,13170.0000,0.0000,0.0000,1123488095.0000,1864802.0000,1123488095.0000,104138144.0000,105881012.0000,279848919.0000,4519466.0000,0.0000,0.0000,1255292308.0000,12099050.0000,3680940.0000,3092571.0000,21893198.0000,627645846.0000,15486337.0000,0.0000,0.0000,1160247006.0000,5444189.0000,815573.0000,233.0000,0.0000,0.0000,0.0000,0.0000,0.0000
1088768013.0000,102746.0000,3401.0000,3340542.0000,105405140.0000,61669.0000,73515714.0000,0.0000,0.0000,1218345198.0000,23442427.0000,422511735.0000,14207.0000,56610221.0000,104803030.0000,13182.0000,0.0000,0.0000,1279162493.0000,2099094.0000,1279162493.0000,121058478.0000,118243587.0000,318427837.0000,4898994.0000,0.0000,0.0000,1354878644.0000,13028990.0000,4035024.0000,3417340.0000,23546353.0000,677438958.0000,16968704.0000,0.0000,0.0000,1148876308.0000,6523148.0000,835585.0000,212.0000,0.0000,0.0000,0.0000,0.0000,0.0000
1121723992.0000,174142.0000,4157.0000,3424233.0000,101680166.0000,60669.0000,71163029.0000,0.0000,0.0000,1076269613.0000,21813752.0000,384991195.0000,18980.0000,51550677.0000,95017468.0000,12.0000,0.0000,0.0000,1097767064.0000,1861552.0000,1097767064.0000,101108956.0000,103804255.0000,273407941.0000,4475391.0000,0.0000,0.0000,1009817197.0000,9940329.0000,3097790.0000,2514134.0000,17058507.0000,504908151.0000,13049614.0000,0.0000,0.0000,887891463.0000,5620926.0000,741168.0000,178.0000,0.0000,0.0000,0.0000,0.0000,0.0000
1020890571.0000,187333.0000,4218.0000,3107300.0000,96918865.0000,55258.0000,67714214.0000,0.0000,0.0000,1042677974.0000,21408314.0000,366598394.0000,17847.0000,48696214.0000,89472487.0000,13183.0000,0.0000,0.0000,1403471242.0000,2230049.0000,1403471242.0000,132779006.0000,129579523.0000,349970394.0000,5347242.0000,0.0000,0.0000,1189571201.0000,11280643.0000,3403315.0000,2827972.0000,19860376.0000,594784941.0000,14337622.0000,0.0000,0.0000,1118539506.0000,4887987.0000,826613.0000,233.0000,0.0000,0.0000,0.0000,0.0000,0.0000
919066508.0000,181722.0000,3844.0000,2805919.0000,91554484.0000,53713.0000,62493042.0000,0.0000,0.0000,1408566914.0000,27511426.0000,500723517.0000,16427.0000,67649311.0000,125256083.0000,1736.0000,0.0000,0.0000,1081486327.0000,1794630.0000,1081486327.0000,101482814.0000,103235478.0000,272459801.0000,4414738.0000,0.0000,0.0000,1061229874.0000,10457855.0000,3225461.0000,2663098.0000,18881868.0000,530614653.0000,13572963.0000,0.0000,0.0000,1200232889.0000,4877130.0000,862037.0000,257.0000,0.0000,0.0000,0.0000,0.0000,0.0000
1552504653.0000,114536.0000,4105.0000,4712767.0000,141872549.0000,80880.0000,101770851.0000,0.0000,0.0000,1127246629.0000,22233177.0000,389799380.0000,19841.0000,52228816.0000,96282450.0000,13183.0000,0.0000,0.0000,1021554287.0000,1732029.0000,1021554287.0000,98729895.0000,98800119.0000,260993296.0000,4168521.0000,0.0000,0.0000,1512776964.0000,13798645.0000,4129510.0000,3551067.0000,24211138.0000,756387923.0000,17376261.0000,0.0000,0.0000,1573943144.0000,7308573.0000,1045400.0000,309.0000,0.0000,0.0000,0.0000,0.0000,0.0000
1337393105.0000,110123.0000,3896.0000,4116808.0000,125029270.0000,72978.0000,87628334.0000,0.0000,0.0000,1140591504.0000,22857028.0000,415346693.0000,17478.0000,55920597.0000,103501703.0000,12761.0000,0.0000,0.0000,1064624349.0000,1740284.0000,1064624349.0000,105438337.0000,107408545.0000,278828124.0000,4690001.0000,0.0000,0.0000,1042058770.0000,10452155.0000,3235061.0000,2638085.0000,20034831.0000,521029000.0000,13623353.0000,0.0000,0.0000,1039954206.0000,5091254.0000,781987.0000,205.0000,0.0000,0.0000,0.0000,0.0000,0.0000
1223488796.0000,187015.0000,4086.0000,3728387.0000,115719284.0000,68002.0000,81890978.0000,0.0000,0.0000,1171911070.0000,22935097.0000,415883995.0000,22681.0000,56011001.0000,103649950.0000,13182.0000,0.0000,0.0000,1092009074.0000,1853985.0000,1092009074.0000,94609843.0000,100931489.0000,262337534.0000,4504673.0000,0.0000,0.0000,1066736880.0000,10955953.0000,3393163.0000,2801190.0000,19950133.0000,533368014.0000,14269305.0000,0.0000,0.0000,1199391507.0000,6812334.0000,861048.0000,258.0000,0.0000,0.0000,0.0000,0.0000,0.0000
1141419097.0000,185336.0000,4364.0000,3436591.0000,108485899.0000,59254.0000,77514740.0000,0.0000,0.0000,1011577733.0000,21216967.0000,365292586.0000,23926.0000,48454218.0000,89173780.0000,13179.0000,0.0000,0.0000,1565581713.0000,2463781.0000,1565581713.0000,136784600.0000,138322612.0000,369342126.0000,5781585.0000,0.0000,0.0000,992558035.0000,9924510.0000,3122709.0000,2507892.0000,17285032.0000,496279534.0000,13148046.0000,0.0000,0.0000,1032132082.0000,5954105.0000,871220.0000,272.0000,0.0000,0.0000,0.0000,0.0000,0.0000
897832140.0000,185379.0000,4261.0000,2821547.0000,87198834.0000,52365.0000,58963336.0000,0.0000,0.0000,1040030927.0000,21694669.0000,380235643.0000,19628.0000,50762310.0000,93558912.0000,13171.0000,0.0000,0.0000,1092886311.0000,1818425.0000,1092886311.0000,100280595.0000,102921534.0000,271090091.0000,4464718.0000,0.0000,0.0000,987673416.0000,10125952.0000,3173403.0000,2596141.0000,18626745.0000,493836223.0000,13343935.0000,0.0000,0.0000,1153642487.0000,5346097.0000,837061.0000,204.0000,0.0000,0.0000,0.0000,0.0000,0.0000
985811957.0000,180393.0000,3759.0000,3007414.0000,94133126.0000,53599.0000,65814815.0000,0.0000,0.0000,940033244.0000,20103283.0000,365073320.0000,19718.0000,49048384.0000,90725872.0000,13177.0000,0.0000,0.0000,894922973.0000,1493528.0000,894922973.0000,88496282.0000,88976708.0000,232477229.0000,3814577.0000,0.0000,0.0000,1087803587.0000,10676316.0000,3264850.0000,2688756.0000,18590289.0000,543901422.0000,13742393.0000,0.0000,0.0000,919837027.0000,4532599.0000,746250.0000,207.0000,0.0000,0.0000,0.0000,0.0000,0.0000
1126148433.0000,190216.0000,4348.0000,3447999.0000,106009805.0000,62142.0000,75007949.0000,0.0000,0.0000,1192060632.0000,23774574.0000,425252290.0000,20960.0000,57103785.0000,105393630.0000,13162.0000,0.0000,0.0000,1039027231.0000,1729264.0000,1039027231.0000,95665466.0000,98542570.0000,257903126.0000,4620456.0000,0.0000,0.0000,1215574965.0000,11625106.0000,3496727.0000,2931416.0000,21061837.0000,607787923.0000,14714252.0000,0.0000,0.0000,1133172796.0000,5792782.0000,810098.0000,244.0000,0.0000,0.0000,0.0000,0.0000,0.0000
1131436947.0000,202240.0000,4164.0000,3514436.0000,110570837.0000,65685.0000,77060619.0000,0.0000,0.0000,1188901828.0000,23773384.0000,424051177.0000,20308.0000,56833405.0000,104964961.0000,5118.0000,0.0000,0.0000,1146427822.0000,1875619.0000,1146427822.0000,103433368.0000,104695795.0000,277428970.0000,4491029.0000,0.0000,0.0000,1216430376.0000,11587978.0000,3571808.0000,2992020.0000,19869055.0000,608214793.0000,15025175.0000,0.0000,0.0000,901984096.0000,3400906.0000,717466.0000,175.0000,0.0000,0.0000,0.0000,0.0000,0.0000
1180880613.0000,195199.0000,4337.0000,3682012.0000,106432011.0000,64912.0000,73772839.0000,0.0000,0.0000,917708774.0000,20378228.0000,335343132.0000,17486.0000,44259765.0000,80970970.0000,13185.0000,0.0000,0.0000,1120837799.0000,1858227.0000,1120837799.0000,109879484.0000,110095157.0000,288909394.0000,4708870.0000,0.0000,0.0000,1008902843.0000,10042878.0000,3138770.0000,2544872.0000,19351683.0000,504451555.0000,13217160.0000,0.0000,0.0000,1024541081.0000,5910403.0000,855257.0000,217.0000,0.0000,0.0000,0.0000,0.0000,0.0000
1201843559.0000,185541.0000,3988.0000,3723685.0000,108046728.0000,64796.0000,75279417.0000,0.0000,0.0000,1118349901.0000,22100934.0000,418582419.0000,20835.0000,56968726.0000,105846530.0000,13177.0000,0.0000,0.0000,877525855.0000,1457695.0000,877525855.0000,84299052.0000,88189200.0000,226158723.0000,3916717.0000,0.0000,0.0000,1139170769.0000,11204948.0000,3389587.0000,2824025.0000,19803613.0000,569584611.0000,14261400.0000,0.0000,0.0000,1191794260.0000,5753300.0000,866980.0000,234.0000,0.0000,0.0000,0.0000,0.0000,0.0000
1509257755.0000,109390.0000,4214.0000,4682357.0000,131985052.0000,79851.0000,92898388.0000,0.0000,0.0000,1109037863.0000,22392061.0000,383256620.0000,17976.0000,50669331.0000,93273523.0000,13173.0000,0.0000,0.0000,1057892937.0000,1788443.0000,1057892937.0000,99961577.0000,101923769.0000,266454401.0000,4443168.0000,0.0000,0.0000,1078769362.0000,10415578.0000,3209482.0000,2598744.0000,19046298.0000,539384336.0000,13515905.0000,0.0000,0.0000,1068916838.0000,5037391.0000,789371.0000,206.0000,0.0000,0.0000,0.0000,0.0000,0.0000
1076007692.0000,180057.0000,3821.0000,3304108.0000,100704353.0000,57290.0000,70406846.0000,0.0000,0.0000,1126998273.0000,22917433.0000,408636879.0000,18637.0000,54723541.0000,101095485.0000,12861.0000,0.0000,0.0000,1157716107.0000,1899989.0000,1157716107.0000,103112695.0000,106576911.0000,279912689.0000,4660088.0000,0.0000,0.0000,918243020.0000,9583064.0000,3020622.0000,2441897.0000,16805899.0000,459121568.0000,12691291.0000,0.0000,0.0000,1170053350.0000,6298972.0000,837645.0000,222.0000,0.0000,0.0000,0.0000,0.0000,0.0000
1147317058.0000,194333.0000,4199.0000,3560737.0000,110380858.0000,64221.0000,77040550.0000,0.0000,0.0000,1216371733.0000,25417265.0000,455485992.0000,25420.0000,61117284.0000,113067638.0000,34.0000,0.0000,0.0000,1083103249.0000,1747780.0000,1083103249.0000,100673142.0000,104880193.0000,272278634.0000,4693374.0000,0.0000,0.0000,1470323252.0000,13761573.0000,4123541.0000,3536193.0000,23980530.0000,735160881.0000,17332612.0000,0.0000,0.0000,932843069.0000,5284158.0000,803943.0000,242.0000,0.0000,0.0000,0.0000,0.0000,0.0000
1263176182.0000,105463.0000,3750.0000,3939943.0000,116812059.0000,70868.0000,80653285.0000,0.0000,0.0000,1045785320.0000,22315199.0000,380672777.0000,20092.0000,50318555.0000,92475603.0000,13170.0000,0.0000,0.0000,1060507736.0000,1773759.0000,1060507736.0000,98127758.0000,101024834.0000,264164811.0000,4412377.0000,0.0000,0.0000,1130370400.0000,11031090.0000,3358056.0000,2796762.0000,18879578.0000,565184679.0000,14133134.0000,0.0000,0.0000,1087471771.0000,5443874.0000,791667.0000,225.0000,0.0000,0.0000,0.0000,0.0000,0.0000
1023015451.0000,180632.0000,4223.0000,3160684.0000,97522241.0000,57769.0000,67861238.0000,0.0000,0.0000,1196901559.0000,25720307.0000,422055803.0000,21124.0000,55241636.0000,101046049.0000,3075.0000,0.0000,0.0000,1212713843.0000,1990178.0000,1212713843.0000,103681489.0000,108037398.0000,285173499.0000,4766574.0000,0.0000,0.0000,996369146.0000,10226691.0000,3218991.0000,2688116.0000,18587993.0000,498184233.0000,13510658.0000,0.0000,0.0000,1406680518.0000,6976656.0000,959639.0000,290.0000,0.0000,0.0000,0.0000,0.0000,0.0000
964393317.0000,181571.0000,4103.0000,3061793.0000,93342583.0000,57715.0000,63803751.0000,0.0000,0.0000,1253496778.0000,24402912.0000,426126265.0000,5575.0000,56688918.0000,104617414.0000,13171.0000,0.0000,0.0000,1174551370.0000,1891899.0000,1174551370.0000,107621229.0000,108318304.0000,287261176.0000,4629118.0000,0.0000,0.0000,897374386.0000,9396454.0000,2972325.0000,2386707.0000,16637614.0000,448687347.0000,12493092.0000,0.0000,0.0000,1252616903.0000,5428842.0000,894869.0000,227.0000,0.0000,0.0000,0.0000,0.0000,0.0000
1003984316.0000,189257.0000,4156.0000,3088732.0000,95022270.0000,55363.0000,66369774.0000,0.0000,0.0000,1363442206.0000,28224589.0000,494127231.0000,16360.0000,66008545.0000,121846651.0000,7013.0000,0.0000,0.0000,1161115807.0000,1882086.0000,1161115807.0000,110512515.0000,109229667.0000,289976301.0000,4503877.0000,0.0000,0.0000,947573244.0000,9503921.0000,2951479.0000,2369886.0000,16863231.0000,473786709.0000,12425418.0000,0.0000,0.0000,1027429529.0000,6135098.0000,880240.0000,226.0000,0.0000,0.0000,0.0000,0.0000,0.0000
1207333530.0000,178188.0000,4177.0000,3750156.0000,106379004.0000,64626.0000,74357621.0000,0.0000,0.0000,1076313559.0000,21592833.0000,382604629.0000,18041.0000,51171589.0000,94463336.0000,13176.0000,0.0000,0.0000,1179631911.0000,1864786.0000,1179631911.0000,101398075.0000,107751084.0000,278798718.0000,4945884.0000,0.0000,0.0000,1183699181.0000,11364443.0000,3403559.0000,2840697.0000,19980778.0000,591849113.0000,14319963.0000,0.0000,0.0000,1009047725.0000,5311656.0000,777063.0000,189.0000,0.0000,0.0000,0.0000,0.0000,0.0000
936005224.0000,182255.0000,4007.0000,2854829.0000,91433006.0000,52688.0000,64212287.0000,0.0000,0.0000,1053653417.0000,20998621.0000,393945095.0000,16422.0000,53635916.0000,99516118.0000,13172.0000,0.0000,0.0000,1092766163.0000,1800401.0000,1092766163.0000,97866926.0000,101197549.0000,265836610.0000,4472254.0000,0.0000,0.0000,1079934614.0000,10753929.0000,3278669.0000,2736426.0000,18934915.0000,539966772.0000,13783308.0000,0.0000,0.0000,838973612.0000,5259041.0000,686864.0000,173.0000,0.0000,0.0000,0.0000,0.0000,0.0000
1120228543.0000,187798.0000,4145.0000,3521730.0000,100889558.0000,60288.0000,69479151.0000,0.0000,0.0000,1053893173.0000,21825502.0000,382679781.0000,23549.0000,50897196.0000,93884284.0000,13171.0000,0.0000,0.0000,1101818684.0000,1799768.0000,1101818684.0000,95896038.0000,100169739.0000,263017828.0000,4436928.0000,0.0000,0.0000,1119981953.0000,11229985.0000,3462604.0000,2840134.0000,19147606.0000,559990237.0000,14570492.0000,0.0000,0.0000,898004427.0000,5854255.0000,727524.0000,158.0000,0.0000,0.0000,0.0000,0.0000,0.0000
857440918.0000,183637.0000,3724.0000,2629782.0000,80923387.0000,47989.0000,55837790.0000,0.0000,0.0000,1128766990.0000,23906174.0000,408336005.0000,25354.0000,54279298.0000,99817225.0000,7639.0000,0.0000,0.0000,1149855563.0000,1951364.0000,1149855563.0000,109173332.0000,113157581.0000,291551827.0000,4799867.0000,0.0000,0.0000,1094700633.0000,11011436.0000,3344489.0000,2773704.0000,19439936.0000,547349742.0000,14065116.0000,0.0000,0.0000,1136595472.0000,5551437.0000,903511.0000,225.0000,0.0000,0.0000,0.0000,0.0000,0.0000
977999704.0000,179112.0000,4032.0000,3074003.0000,93054336.0000,57410.0000,63611888.0000,0.0000,0.0000,1191343427.0000,23062283.0000,404891507.0000,19102.0000,54241365.0000,99949767.0000,8694.0000,0.0000,0.0000,1054991611.0000,1785092.0000,1054991611.0000,90127424.0000,96941276.0000,250525266.0000,4460280.0000,0.0000,0.0000,1319398516.0000,12614157.0000,3837585.0000,3253827.0000,22229474.0000,659698732.0000,16134097.0000,0.0000,0.0000,1114735903.0000,6150638.0000,812546.0000,200.0000,0.0000,0.0000,0.0000,0.0000,0.0000
1426651666.0000,93544.0000,3645.0000,4448088.0000,124702204.0000,75315.0000,87847312.0000,0.0000,0.0000,949741750.0000,20565552.0000,336984081.0000,18720.0000,44127710.0000,80694080.0000,13060.0000,0.0000,0.0000,996961963.0000,1643506.0000,996961963.0000,95900095.0000,97438733.0000,254629327.0000,4257930.0000,0.0000,0.0000,1019705828.0000,10141331.0000,3134164.0000,2548411.0000,17969368.0000,509852437.0000,13186049.0000,0.0000,0.0000,1188139984.0000,4806588.0000,869762.0000,230.0000,0.0000,0.0000,0.0000,0.0000,0.0000
1333398395.0000,141721.0000,4089.0000,4166215.0000,122907548.0000,72166.0000,86210077.0000,0.0000,0.0000,1145087384.0000,21986888.0000,389906366.0000,16319.0000,52364812.0000,96623584.0000,13250.0000,0.0000,0.0000,1050152853.0000,1764128.0000,1050152853.0000,94265025.0000,100520649.0000,257478836.0000,4538457.0000,0.0000,0.0000,1020956264.0000,10278706.0000,3155502.0000,2576586.0000,18321683.0000,510477791.0000,13269851.0000,0.0000,0.0000,1430298098.0000,6563162.0000,962939.0000,315.0000,0.0000,0.0000,0.0000,0.0000,0.0000
1044569280.0000,183854.0000,4324.0000,3279700.0000,99889984.0000,59157.0000,68688756.0000,0.0000,0.0000,1166345975.0000,23117210.0000,401553962.0000,9949.0000,53524693.0000,98753992.0000,13184.0000,0.0000,0.0000,1164325915.0000,1911345.0000,1164325915.0000,103024252.0000,106799647.0000,279837855.0000,4709062.0000,0.0000,0.0000,1072843419.0000,10570282.0000,3227545.0000,2655240.0000,19036346.0000,536421132.0000,13577682.0000,0.0000,0.0000,1027999268.0000,4682106.0000,772792.0000,240.0000,0.0000,0.0000,0.0000,0.0000,0.0000
925224065.0000,176778.0000,3764.0000,2876789.0000,90211619.0000,52085.0000,63005470.0000,0.0000,0.0000,1057254306.0000,20563814.0000,370633532.0000,21017.0000,49894717.0000,92287091.0000,13177.0000,0.0000,0.0000,1275766458.0000,2096418.0000,1275766458.0000,110149041.0000,113572801.0000,301569145.0000,5062776.0000,0.0000,0.0000,1114012130.0000,10985509.0000,3336702.0000,2777821.0000,19243434.0000,557005690.0000,14034016.0000,0.0000,0.0000,1185316995.0000,5475646.0000,822091.0000,248.0000,0.0000,0.0000,0.0000,0.0000,0.0000
1101527787.0000,188127.0000,4099.0000,3400322.0000,105072627.0000,59734.0000,74336240.0000,0.0000,0.0000,1018269043.0000,21210931.0000,353163499.0000,20818.0000,46668671.0000,85368682.0000,13173.0000,0.0000,0.0000,1574651872.0000,2426765.0000,1574651872.0000,139459974.0000,139860090.0000,374320630.0000,6023549.0000,0.0000,0.0000,1205800123.0000,11530676.0000,3504966.0000,2957545.0000,19975620.0000,602900265.0000,14728844.0000,0.0000,0.0000,1093825403.0000,4862154.0000,807687.0000,197.0000,0.0000,0.0000,0.0000,0.0000,0.0000
1195859370.0000,193231.0000,3898.0000,3763843.0000,108397412.0000,65138.0000,75400106.0000,0.0000,0.0000,1115834495.0000,22459462.0000,385288172.0000,19175.0000,51094447.0000,94028469.0000,13178.0000,0.0000,0.0000,1051569200.0000,1692979.0000,1051569200.0000,98399277.0000,99161113.0000,261313681.0000,4282398.0000,0.0000,0.0000,1227380185.0000,12233912.0000,3740879.0000,3162165.0000,22374014.0000,613689110.0000,15719192.0000,0.0000,0.0000,1107896540.0000,5033917.0000,808164.0000,220.0000,0.0000,0.0000,0.0000,0.0000,0.0000
1435626373.0000,215583.0000,5028.0000,4633300.0000,133391672.0000,80775.0000,92521683.0000,0.0000,0.0000,1219751848.0000,24191031.0000,419858645.0000,28686.0000,56009562.0000,103074865.0000,12768.0000,0.0000,0.0000,1119045289.0000,1845245.0000,1119045289.0000,97465637.0000,103673184.0000,267296563.0000,4567331.0000,0.0000,0.0000,1040777173.0000,10483822.0000,3278918.0000,2630377.0000,17683048.0000,520388184.0000,13804141.0000,0.0000,0.0000,1018012248.0000,5466561.0000,836388.0000,196.0000,0.0000,0.0000,0.0000,0.0000,0.0000
1006009500.0000,181169.0000,4381.0000,3172031.0000,92016021.0000,55813.0000,63100071.0000,0.0000,0.0000,1181290328.0000,23983303.0000,411332584.0000,18678.0000,54640051.0000,100690489.0000,756.0000,0.0000,0.0000,1131340355.0000,1837575.0000,1131340355.0000,102490308.0000,103759045.0000,274764252.0000,4480863.0000,0.0000,0.0000,1315930274.0000,12833298.0000,3870842.0000,3289126.0000,22306868.0000,657964258.0000,16230626.0000,0.0000,0.0000,1078087874.0000,4979076.0000,839735.0000,250.0000,0.0000,0.0000,0.0000,0.0000,0.0000
1068378259.0000,232139.0000,6169.0000,3293468.0000,101339142.0000,58676.0000,71662379.0000,0.0000,0.0000,1139911997.0000,23668704.0000,418629957.0000,28907.0000,55924488.0000,103123577.0000,3008.0000,0.0000,0.0000,1049052233.0000,1777610.0000,1049052233.0000,93989615.0000,98519352.0000,256136057.0000,4409833.0000,0.0000,0.0000,1112937498.0000,10653548.0000,3206370.0000,2656483.0000,18433564.0000,556468308.0000,13486123.0000,0.0000,0.0000,981963863.0000,3875164.0000,731928.0000,193.0000,0.0000,0.0000,0.0000,0.0000,0.0000
941321720.0000,179647.0000,3503.0000,2955751.0000,87528102.0000,51663.0000,60185140.0000,0.0000,0.0000,1189277908.0000,23062768.0000,402641486.0000,12222.0000,53546244.0000,98818609.0000,13175.0000,0.0000,0.0000,1096255858.0000,1828605.0000,1096255858.0000,97370911.0000,100685909.0000,264026518.0000,4470556.0000,0.0000,0.0000,922034043.0000,9327574.0000,2918553.0000,2358755.0000,16332971.0000,461016370.0000,12270442.0000,0.0000,0.0000,1114341802.0000,5235766.0000,816278.0000,226.0000,0.0000,0.0000,0.0000,0.0000,0.0000
1053256589.0000,184831.0000,3903.0000,3265667.0000,98765447.0000,57848.0000,69390798.0000,0.0000,0.0000,952109490.0000,19539778.0000,343002014.0000,18895.0000,45727686.0000,84375316.0000,13172.0000,0.0000,0.0000,1048954726.0000,1718034.0000,1048954726.0000,96922505.0000,98854778.0000,258990879.0000,4320066.0000,0.0000,0.0000,975208438.0000,9825789.0000,3054486.0000,2467496.0000,17879611.0000,487603737.0000,12850370.0000,0.0000,0.0000,908577264.0000,4749223.0000,730838.0000,195.0000,0.0000,0.0000,0.0000,0.0000,0.0000
1199171735.0000,107697.0000,3740.0000,3797817.0000,113196013.0000,67183.0000,78569001.0000,0.0000,0.0000,989228251.0000,21367149.0000,364374237.0000,17748.0000,48288632.0000,88911826.0000,13182.0000,0.0000,0.0000,1069329194.0000,1688594.0000,1069329194.0000,100274308.0000,101785456.0000,264996608.0000,4327851.0000,0.0000,0.0000,1084162894.0000,11060823.0000,3376469.0000,2790609.0000,18802165.0000,542080920.0000,14190552.0000,0.0000,0.0000,942904093.0000,4732839.0000,825768.0000,205.0000,0.0000,0.0000,0.0000,0.0000,0.0000
959913522.0000,181371.0000,3738.0000,3055504.0000,89609864.0000,55373.0000,60986561.0000,0.0000,0.0000,994564406.0000,20534680.0000,346803264.0000,19368.0000,45877348.0000,84214611.0000,13176.0000,0.0000,0.0000,989585070.0000,1640261.0000,989585070.0000,89968782.0000,93043865.0000,243044070.0000,4154691.0000,0.0000,0.0000,981606824.0000,9943667.0000,3087095.0000,2501847.0000,17370151.0000,490803204.0000,12981025.0000,0.0000,0.0000,1111870864.0000,5324220.0000,816193.0000,205.0000,0.0000,0.0000,0.0000,0.0000,0.0000
1278835275.0000,113284.0000,3755.0000,4062518.0000,115975830.0000,70610.0000,80658454.0000,0.0000,0.0000,1066783667.0000,21382874.0000,387027389.0000,11941.0000,52056093.0000,96285157.0000,13176.0000,0.0000,0.0000,1321582041.0000,2056260.0000,1321582041.0000,117529367.0000,120044513.0000,316794914.0000,5331420.0000,0.0000,0.0000,989830210.0000,9946473.0000,3107467.0000,2492378.0000,17236690.0000,494914743.0000,13078777.0000,0.0000,0.0000,1110748017.0000,4353558.0000,803141.0000,216.0000,0.0000,0.0000,0.0000,0.0000,0.0000
1156916801.0000,188098.0000,4476.0000,3643641.0000,106318553.0000,63635.0000,74299602.0000,0.0000,0.0000,1103913768.0000,21911824.0000,373074407.0000,19285.0000,49451767.0000,90850305.0000,13172.0000,0.0000,0.0000,1081113136.0000,1763052.0000,1081113136.0000,95285826.0000,98012845.0000,258054774.0000,4330245.0000,0.0000,0.0000,1244739951.0000,11972159.0000,3580445.0000,2995599.0000,21354710.0000,622369309.0000,15056794.0000,0.0000,0.0000,971322476.0000,3982880.0000,743163.0000,174.0000,0.0000,0.0000,0.0000,0.0000,0.0000
1089933944.0000,195661.0000,4381.0000,3402605.0000,105165448.0000,60649.0000,73589852.0000,0.0000,0.0000,1091461675.0000,21824981.0000,381754961.0000,9092.0000,50892432.0000,94104080.0000,13187.0000,0.0000,0.0000,1055578594.0000,1725637.0000,1055578594.0000,96618374.0000,100963901.0000,260698547.0000,4354610.0000,0.0000,0.0000,994651549.0000,9846286.0000,3056459.0000,2484163.0000,18738859.0000,497325366.0000,12849659.0000,0.0000,0.0000,1053735822.0000,5960835.0000,865634.0000,253.0000,0.0000,0.0000,0.0000,0.0000,0.0000
1297324251.0000,180974.0000,4127.0000,4069137.0000,112195617.0000,66874.0000,78408811.0000,0.0000,0.0000,1415821363.0000,26919651.0000,482991202.0000,14918.0000,64789077.0000,119857470.0000,12.0000,0.0000,0.0000,1416630796.0000,2213480.0000,1416630796.0000,124669818.0000,126748254.0000,336284508.0000,5601443.0000,0.0000,0.0000,1026614632.0000,10454047.0000,3255313.0000,2693438.0000,18205110.0000,513306624.0000,13691019.0000,0.0000,0.0000,1120003231.0000,4556264.0000,826583.0000,221.0000,0.0000,0.0000,0.0000,0.0000,0.0000
836506262.0000,170457.0000,3104.0000,2563678.0000,81463482.0000,45832.0000,56779493.0000,0.0000,0.0000,947646583.0000,20068212.0000,332645750.0000,10621.0000,43655272.0000,80053393.0000,13177.0000,0.0000,0.0000,1177761674.0000,1890477.0000,1177761674.0000,106328790.0000,107081022.0000,284817032.0000,4612767.0000,0.0000,0.0000,1087481585.0000,10838637.0000,3341496.0000,2750133.0000,19765599.0000,543739936.0000,14050193.0000,0.0000,0.0000,1249217563.0000,5067573.0000,885196.0000,252.0000,0.0000,0.0000,0.0000,0.0000,0.0000
1171710000.0000,142089.0000,5021.0000,3677266.0000,109643962.0000,67002.0000,76286274.0000,0.0000,0.0000,958704100.0000,19468432.0000,340998458.0000,22665.0000,45470272.0000,83857104.0000,13177.0000,0.0000,0.0000,966087543.0000,1607628.0000,966087543.0000,91501129.0000,94165255.0000,244534393.0000,4163151.0000,0.0000,0.0000,1355252912.0000,13088205.0000,3981525.0000,3396184.0000,23986744.0000,677626206.0000,16713623.0000,0.0000,0.0000,1123582980.0000,4865638.0000,824052.0000,241.0000,0.0000,0.0000,0.0000,0.0000,0.0000
1190446301.0000,167464.0000,3719.0000,3763894.0000,111410829.0000,63836.0000,77504183.0000,0.0000,0.0000,1258893143.0000,23285868.0000,408070860.0000,4754.0000,54566324.0000,100623366.0000,13178.0000,0.0000,0.0000,1076124675.0000,1781556.0000,1076124675.0000,92811815.0000,100014114.0000,256334448.0000,4449890.0000,0.0000,0.0000,1164598486.0000,11712942.0000,3674313.0000,3078002.0000,22177895.0000,582299194.0000,15429815.0000,0.0000,0.0000,1041874414.0000,4389485.0000,849773.0000,190.0000,0.0000,0.0000,0.0000,0.0000,0.0000
1199317641.0000,112308.0000,3630.0000,3774014.0000,110779160.0000,64269.0000,77557241.0000,0.0000,0.0000,945324042.0000,20170061.0000,342019665.0000,29925.0000,45211759.0000,82928738.0000,12769.0000,0.0000,0.0000,1381609798.0000,2149441.0000,1381609798.0000,129227375.0000,128422298.0000,339668143.0000,5549831.0000,0.0000,0.0000,1017720484.0000,10500164.0000,3233001.0000,2657302.0000,19715807.0000,508859566.0000,13591360.0000,0.0000,0.0000,980845918.0000,3755817.0000,756350.0000,211.0000,0.0000,0.0000,0.0000,0.0000,0.0000
1134162878.0000,172618.0000,3829.0000,3504826.0000,103169746.0000,58713.0000,72988688.0000,0.0000,0.0000,1317090589.0000,24110500.0000,435008858.0000,2091.0000,58413866.0000,108234295.0000,13180.0000,0.0000,0.0000,1018400387.0000,1735013.0000,1018400387.0000,90033630.0000,96894488.0000,248334867.0000,4506025.0000,0.0000,0.0000,1131113871.0000,11011806.0000,3382221.0000,2804903.0000,19747513.0000,565556185.0000,14221830.0000,0.0000,0.0000,994682639.0000,4444501.0000,757021.0000,216.0000,0.0000,0.0000,0.0000,0.0000,0.0000
1188340167.0000,181596.0000,4212.0000,3698808.0000,106606228.0000,62843.0000,75089451.0000,0.0000,0.0000,1462216285.0000,26460051.0000,499275052.0000,12155.0000,67955987.0000,126233607.0000,25.0000,0.0000,0.0000,1075217671.0000,1738257.0000,1075217671.0000,100155474.0000,100613619.0000,266013577.0000,4345765.0000,0.0000,0.0000,1056420712.0000,10435327.0000,3186673.0000,2607215.0000,19441414.0000,528209892.0000,13404269.0000,0.0000,0.0000,1219235426.0000,6154566.0000,875358.0000,270.0000,0.0000,0.0000,0.0000,0.0000,0.0000
926089021.0000,189808.0000,3870.0000,2912894.0000,87780233.0000,52066.0000,59979758.0000,0.0000,0.0000,1059506600.0000,22429157.0000,365524275.0000,22881.0000,48077023.0000,87915214.0000,13187.0000,0.0000,0.0000,885640759.0000,1455248.0000,885640759.0000,77096490.0000,85633584.0000,214677854.0000,3950502.0000,0.0000,0.0000,1052976989.0000,10223768.0000,3148509.0000,2558498.0000,19116763.0000,526488052.0000,13246667.0000,0.0000,0.0000,1120411179.0000,5009717.0000,829991.0000,230.0000,0.0000,0.0000,0.0000,0.0000,0.0000
960603260.0000,178720.0000,3778.0000,3057109.0000,90501783.0000,55520.0000,61816331.0000,0.0000,0.0000,1136347151.0000,22381367.0000,386114052.0000,11752.0000,51337987.0000,94605022.0000,12768.0000,0.0000,0.0000,978919367.0000,1618856.0000,978919367.0000,81884385.0000,89781078.0000,228822189.0000,4234191.0000,0.0000,0.0000,1322798537.0000,13134553.0000,3992958.0000,3383159.0000,23890101.0000,661399052.0000,16711564.0000,0.0000,0.0000,958085423.0000,4949679.0000,827831.0000,192.0000,0.0000,0.0000,0.0000,0.0000,0.0000
1170971058.0000,184773.0000,4220.0000,3685882.0000,105866523.0000,61880.0000,73838635.0000,0.0000,0.0000,1437513725.0000,26902273.0000,472718189.0000,13878.0000,63033717.0000,116327103.0000,25.0000,0.0000,0.0000,1215059666.0000,2019434.0000,1215059666.0000,104649056.0000,109208878.0000,286599117.0000,4907352.0000,0.0000,0.0000,1185414026.0000,11694655.0000,3652316.0000,3029612.0000,19788315.0000,592706758.0000,15341252.0000,0.0000,0.0000,1179620358.0000,6065707.0000,857249.0000,212.0000,0.0000,0.0000,0.0000,0.0000,0.0000
995909271.0000,189960.0000,3833.0000,3142882.0000,93880715.0000,54787.0000,64710158.0000,0.0000,0.0000,1220565660.0000,23612797.0000,413599073.0000,15578.0000,55243795.0000,101918685.0000,12752.0000,0.0000,0.0000,1403367115.0000,2283714.0000,1403367115.0000,126495200.0000,128320085.0000,339595757.0000,5623297.0000,0.0000,0.0000,970464048.0000,10174533.0000,3160753.0000,2569502.0000,17325121.0000,485231390.0000,13283293.0000,0.0000,0.0000,1063591970.0000,4263950.0000,803984.0000,243.0000,0.0000,0.0000,0.0000,0.0000,0.0000
1218948436.0000,194611.0000,4335.0000,3811454.0000,108060798.0000,63806.0000,76153489.0000,0.0000,0.0000,1122050586.0000,21833403.0000,408643274.0000,10735.0000,55390545.0000,102813837.0000,34.0000,0.0000,0.0000,1145268147.0000,1893662.0000,1145268147.0000,100765614.0000,106215469.0000,274510170.0000,4636681.0000,0.0000,0.0000,1021036859.0000,10196507.0000,3160826.0000,2551146.0000,17680027.0000,510517861.0000,13304234.0000,0.0000,0.0000,1126481624.0000,5257182.0000,823790.0000,218.0000,0.0000,0.0000,0.0000,0.0000,0.0000
857241487.0000,169438.0000,3459.0000,2661921.0000,82954116.0000,48771.0000,56953185.0000,0.0000,0.0000,1053458561.0000,21220400.0000,359837876.0000,18251.0000,47479939.0000,87304256.0000,13176.0000,0.0000,0.0000,1226638597.0000,1964462.0000,1226638597.0000,106713686.0000,108749543.0000,288457051.0000,4748949.0000,0.0000,0.0000,1063475097.0000,10469172.0000,3192234.0000,2641188.0000,18672489.0000,531737491.0000,13413222.0000,0.0000,0.0000,932151578.0000,4944242.0000,801221.0000,235.0000,0.0000,0.0000,0.0000,0.0000,0.0000
1130475243.0000,186978.0000,3794.0000,3571639.0000,102481978.0000,61453.0000,71116323.0000,0.0000,0.0000,970216868.0000,19682268.0000,333004151.0000,17267.0000,43982533.0000,80839606.0000,13177.0000,0.0000,0.0000,892559587.0000,1422950.0000,892559587.0000,81225029.0000,86334288.0000,220536438.0000,3964375.0000,0.0000,0.0000,1100671836.0000,10579698.0000,3200155.0000,2628258.0000,18946926.0000,550335450.0000,13459080.0000,0.0000,0.0000,1141907612.0000,5984786.0000,809333.0000,229.0000,0.0000,0.0000,0.0000,0.0000,0.0000
1002880287.0000,1312146.0000,21144.0000,3109372.0000,106170333.0000,80273.0000,71277439.0000,0.0000,0.0000,1100417092.0000,22071715.0000,366774269.0000,18993.0000,48120005.0000,88252560.0000,13173.0000,0.0000,0.0000,1127779675.0000,1828656.0000,1127779675.0000,98946582.0000,102560329.0000,268566310.0000,4608707.0000,0.0000,0.0000,1015072323.0000,10150988.0000,3127234.0000,2542115.0000,18849681.0000,507536034.0000,13153130.0000,0.0000,0.0000,1132104754.0000,5675873.0000,809712.0000,261.0000,0.0000,0.0000,0.0000,0.0000,0.0000
1232223760.0000,796081.0000,20774.0000,3831734.0000,114830658.0000,84442.0000,79325865.0000,0.0000,0.0000,1114206797.0000,21359853.0000,379629852.0000,12695.0000,50913084.0000,94037100.0000,13237.0000,0.0000,0.0000,1047599743.0000,1709473.0000,1047599743.0000,94034725.0000,97409759.0000,253689875.0000,4332755.0000,0.0000,0.0000,1156128241.0000,11284708.0000,3402578.0000,2828487.0000,19121588.0000,578063564.0000,14301648.0000,0.0000,0.0000,1066936400.0000,4618121.0000,811074.0000,212.0000,0.0000,0.0000,0.0000,0.0000,0.0000
1194705750.0000,99493.0000,3376.0000,3813225.0000,108038596.0000,63732.0000,74979569.0000,0.0000,0.0000,1007572837.0000,21352641.0000,361237436.0000,19147.0000,47796608.0000,87934351.0000,13184.0000,0.0000,0.0000,1226635211.0000,1957724.0000,1226635211.0000,104267332.0000,109125273.0000,285976898.0000,4816980.0000,0.0000,0.0000,780004319.0000,8164112.0000,2664520.0000,2052736.0000,14879006.0000,390001815.0000,11206192.0000,0.0000,0.0000,1049011455.0000,4749652.0000,886854.0000,245.0000,0.0000,0.0000,0.0000,0.0000,0.0000
1156760683.0000,191878.0000,4156.0000,3636458.0000,106287745.0000,62109.0000,74211806.0000,0.0000,0.0000,1041757305.0000,21783323.0000,353945635.0000,18153.0000,46274879.0000,84574445.0000,13172.0000,0.0000,0.0000,1299509472.0000,2060941.0000,1299509472.0000,115082147.0000,116565693.0000,310497914.0000,5093648.0000,0.0000,0.0000,1088451815.0000,10717671.0000,3258520.0000,2674892.0000,18221608.0000,544225025.0000,13709624.0000,0.0000,0.0000,1082733601.0000,4792157.0000,787279.0000,246.0000,0.0000,0.0000,0.0000,0.0000,0.0000
1034888656.0000,173976.0000,3680.0000,3246376.0000,95877527.0000,55241.0000,66510964.0000,0.0000,0.0000,949108181.0000,20128788.0000,327591153.0000,19637.0000,42800081.0000,78231411.0000,13178.0000,0.0000,0.0000,1277178444.0000,1976145.0000,1277178444.0000,113203880.0000,115049524.0000,303518335.0000,5080746.0000,0.0000,0.0000,1323356616.0000,12729648.0000,3862612.0000,3258881.0000,22680732.0000,661678257.0000,16220618.0000,0.0000,0.0000,1269929856.0000,5736636.0000,878856.0000,220.0000,0.0000,0.0000,0.0000,0.0000,0.0000
1293379589.0000,96781.0000,3784.0000,4047251.0000,117553928.0000,68735.0000,82988636.0000,0.0000,0.0000,1062934203.0000,20951578.0000,368246452.0000,17758.0000,49062647.0000,90540804.0000,13173.0000,0.0000,0.0000,1209521230.0000,1902064.0000,1209521230.0000,105575319.0000,108477839.0000,286688448.0000,4779155.0000,0.0000,0.0000,1051538553.0000,10142148.0000,3085988.0000,2509339.0000,18465458.0000,525768761.0000,12988616.0000,0.0000,0.0000,1365349859.0000,5773915.0000,939314.0000,244.0000,0.0000,0.0000,0.0000,0.0000,0.0000
1005967836.0000,192429.0000,4475.0000,3200036.0000,94615938.0000,56213.0000,64799644.0000,0.0000,0.0000,1651158493.0000,30090401.0000,532188522.0000,633.0000,71220452.0000,131805030.0000,34.0000,0.0000,0.0000,1362874096.0000,2100941.0000,1362874096.0000,116363734.0000,122462099.0000,318909438.0000,5635099.0000,0.0000,0.0000,982228626.0000,9928784.0000,3070658.0000,2491326.0000,17680474.0000,491114337.0000,12886498.0000,0.0000,0.0000,1206337703.0000,5193025.0000,924697.0000,262.0000,0.0000,0.0000,0.0000,0.0000,0.0000
1038132908.0000,183056.0000,3955.0000,3279200.0000,95470638.0000,58667.0000,66409740.0000,0.0000,0.0000,1296484111.0000,25199790.0000,447336242.0000,23208.0000,59763054.0000,110368071.0000,35.0000,0.0000,0.0000,1031374843.0000,1708777.0000,1031374843.0000,95424177.0000,97080897.0000,253967008.0000,4309270.0000,0.0000,0.0000,996495567.0000,10080446.0000,3084189.0000,2553506.0000,17793490.0000,498247394.0000,12936467.0000,0.0000,0.0000,1167920379.0000,4941565.0000,820866.0000,239.0000,0.0000,0.0000,0.0000,0.0000,0.0000
1043153048.0000,100467.0000,3378.0000,3264751.0000,95025460.0000,54776.0000,66352940.0000,0.0000,0.0000,1071508857.0000,21405991.0000,377841554.0000,9022.0000,50575756.0000,93251442.0000,13171.0000,0.0000,0.0000,1091219632.0000,1823245.0000,1091219632.0000,92857625.0000,98733550.0000,256796876.0000,4528313.0000,0.0000,0.0000,1139028529.0000,11218255.0000,3372907.0000,2816991.0000,19341571.0000,569513695.0000,14171439.0000,0.0000,0.0000,1231663654.0000,5542462.0000,875647.0000,239.0000,0.0000,0.0000,0.0000,0.0000,0.0000
1043594736.0000,187915.0000,3839.0000,3278452.0000,96408588.0000,56608.0000,67404352.0000,0.0000,0.0000,1046105038.0000,20920686.0000,356818314.0000,17560.0000,47103743.0000,86667195.0000,13175.0000,0.0000,0.0000,1099882916.0000,1761402.0000,1099882916.0000,104677991.0000,105190754.0000,275422026.0000,4605724.0000,0.0000,0.0000,1219616888.0000,11675577.0000,3458558.0000,2903635.0000,19705988.0000,609807862.0000,14542240.0000,0.0000,0.0000,1035536493.0000,4390982.0000,775857.0000,210.0000,0.0000,0.0000,0.0000,0.0000,0.0000
1132607439.0000,180721.0000,3900.0000,3577992.0000,102584174.0000,60614.0000,70902510.0000,0.0000,0.0000,1181765801.0000,23478026.0000,398961629.0000,12682.0000,53095046.0000,97632673.0000,5966.0000,0.0000,0.0000,1161455238.0000,1813202.0000,1161455238.0000,106049928.0000,112186254.0000,286246449.0000,5024027.0000,0.0000,0.0000,1140133280.0000,11270276.0000,3461660.0000,2852233.0000,20260049.0000,570065636.0000,14547446.0000,0.0000,0.0000,1035057137.0000,5325282.0000,855175.0000,188.0000,0.0000,0.0000,0.0000,0.0000,0.0000
1058648103.0000,184299.0000,3861.0000,3344503.0000,94569351.0000,56207.0000,65421736.0000,0.0000,0.0000,1132969536.0000,23317717.0000,405330149.0000,20892.0000,53956934.0000,99396820.0000,6013.0000,0.0000,0.0000,833580631.0000,1352763.0000,833580631.0000,69049107.0000,77296643.0000,194652366.0000,3743746.0000,0.0000,0.0000,1130755996.0000,10890926.0000,3318389.0000,2771588.0000,19291365.0000,565377223.0000,13959146.0000,0.0000,0.0000,1529609376.0000,7740799.0000,1007469.0000,313.0000,0.0000,0.0000,0.0000,0.0000,0.0000
1277034923.0000,199830.0000,4250.0000,4023798.0000,113724163.0000,67180.0000,79501573.0000,0.0000,0.0000,1076355835.0000,22195556.0000,364344152.0000,13454.0000,47658988.0000,87280668.0000,13177.0000,0.0000,0.0000,1002079121.0000,1587057.0000,1002079121.0000,91236309.0000,95484434.0000,245498324.0000,4351082.0000,0.0000,0.0000,1413085501.0000,13824826.0000,4170445.0000,3554571.0000,25259553.0000,706542346.0000,17505241.0000,0.0000,0.0000,1190559167.0000,5377725.0000,834288.0000,225.0000,0.0000,0.0000,0.0000,0.0000,0.0000
949163958.0000,185597.0000,4140.0000,3002118.0000,91473663.0000,52092.0000,63263063.0000,0.0000,0.0000,1035852766.0000,21056624.0000,354667467.0000,11377.0000,46724338.0000,85867758.0000,13174.0000,0.0000,0.0000,1413385638.0000,3045091.0000,1413385638.0000,132706894.0000,154745637.0000,376740499.0000,5962555.0000,0.0000,0.0000,1040585035.0000,10337363.0000,3168135.0000,2588883.0000,17502377.0000,520291953.0000,13317743.0000,0.0000,0.0000,1220731845.0000,5775969.0000,843659.0000,278.0000,0.0000,0.0000,0.0000,0.0000,0.0000
1012767361.0000,192389.0000,3786.0000,3194411.0000,93365094.0000,54136.0000,64451758.0000,0.0000,0.0000,1191959502.0000,24367064.0000,417668877.0000,23235.0000,55560807.0000,102249920.0000,21.0000,0.0000,0.0000,1098326648.0000,1782127.0000,1098326648.0000,98179875.0000,101642067.0000,265175626.0000,4541600.0000,0.0000,0.0000,996496396.0000,9773788.0000,3069984.0000,2499741.0000,17700162.0000,498247936.0000,12919443.0000,0.0000,0.0000,1143538677.0000,5006544.0000,945911.0000,322.0000,0.0000,0.0000,0.0000,0.0000,0.0000
1173180816.0000,190861.0000,4170.0000,3742043.0000,103458021.0000,62419.0000,71157814.0000,0.0000,0.0000,1073364165.0000,21478588.0000,379072603.0000,17556.0000,50676434.0000,93445812.0000,13272.0000,0.0000,0.0000,1087948950.0000,1786481.0000,1087948950.0000,98727722.0000,99906212.0000,264164971.0000,4388026.0000,0.0000,0.0000,834899091.0000,8416812.0000,2669189.0000,2110774.0000,15459100.0000,417449281.0000,11215651.0000,0.0000,0.0000,1081960857.0000,4533328.0000,789282.0000,282.0000,0.0000,0.0000,0.0000,0.0000,0.0000
1172569929.0000,190627.0000,4100.0000,3691743.0000,105209790.0000,61447.0000,73850525.0000,0.0000,0.0000,1299311675.0000,25509038.0000,466274571.0000,18795.0000,62813014.0000,116224042.0000,12.0000,0.0000,0.0000,902618645.0000,1461721.0000,902618645.0000,85859224.0000,88235069.0000,226776842.0000,3973505.0000,0.0000,0.0000,999658605.0000,10109161.0000,3201589.0000,2635827.0000,17331128.0000,499829491.0000,13426077.0000,0.0000,0.0000,1049656103.0000,5404905.0000,790610.0000,245.0000,0.0000,0.0000,0.0000,0.0000,0.0000
1329674360.0000,107594.0000,3686.0000,4236148.0000,120613624.0000,70568.0000,84218384.0000,0.0000,0.0000,791035858.0000,17648022.0000,281670172.0000,17721.0000,36735897.0000,66919785.0000,13172.0000,0.0000,0.0000,1010508792.0000,1678568.0000,1010508792.0000,90152681.0000,94655488.0000,244174137.0000,4327959.0000,0.0000,0.0000,1255299938.0000,12027725.0000,3688465.0000,3024209.0000,20923965.0000,627648969.0000,15517985.0000,0.0000,0.0000,1106600154.0000,6291040.0000,831621.0000,203.0000,0.0000,0.0000,0.0000,0.0000,0.0000
1055474008.0000,187879.0000,3876.0000,3330507.0000,98917511.0000,57614.0000,68887207.0000,0.0000,0.0000,1134725474.0000,22738457.0000,389521459.0000,12094.0000,51478481.0000,94794070.0000,13172.0000,0.0000,0.0000,1289153989.0000,2020866.0000,1289153989.0000,110798653.0000,114509256.0000,300628884.0000,5149519.0000,0.0000,0.0000,1157538994.0000,11303748.0000,3393471.0000,2835416.0000,19550338.0000,578769118.0000,14265896.0000,0.0000,0.0000,945133374.0000,4260158.0000,698340.0000,186.0000,0.0000,0.0000,0.0000,0.0000,0.0000
993400603.0000,172004.0000,3902.0000,3193395.0000,92453667.0000,54888.0000,62812826.0000,0.0000,0.0000,1197224357.0000,23797868.0000,403746328.0000,15594.0000,53250188.0000,97917612.0000,12752.0000,0.0000,0.0000,1399457125.0000,2110911.0000,1399457125.0000,117899847.0000,122950389.0000,322677853.0000,5603615.0000,0.0000,0.0000,1104922731.0000,10948678.0000,3392380.0000,2832758.0000,20406691.0000,552460944.0000,14250192.0000,0.0000,0.0000,1014644177.0000,4243152.0000,849114.0000,257.0000,0.0000,0.0000,0.0000,0.0000,0.0000
1187500796.0000,175502.0000,3911.0000,3723539.0000,101357021.0000,60299.0000,70813939.0000,0.0000,0.0000,1106914896.0000,21799442.0000,383071233.0000,14422.0000,51029174.0000,94183667.0000,13174.0000,0.0000,0.0000,1033284325.0000,1685772.0000,1033284325.0000,91759445.0000,93560311.0000,246995998.0000,4137391.0000,0.0000,0.0000,1090572183.0000,10566872.0000,3200359.0000,2624184.0000,17891443.0000,545285266.0000,13460094.0000,0.0000,0.0000,980430279.0000,4570852.0000,770126.0000,201.0000,0.0000,0.0000,0.0000,0.0000,0.0000
1147142641.0000,180792.0000,4404.0000,3641489.0000,102452904.0000,60818.0000,71077814.0000,0.0000,0.0000,993250954.0000,19923050.0000,341071094.0000,21355.0000,45191851.0000,83097243.0000,13176.0000,0.0000,0.0000,1023937836.0000,1648279.0000,1023937836.0000,87645053.0000,93620690.0000,240938790.0000,4354965.0000,0.0000,0.0000,1091088005.0000,10719740.0000,3252805.0000,2650834.0000,18957785.0000,545543674.0000,13686011.0000,0.0000,0.0000,1008195791.0000,4689820.0000,782205.0000,209.0000,0.0000,0.0000,0.0000,0.0000,0.0000
997478161.0000,188398.0000,3832.0000,3099671.0000,93692996.0000,53877.0000,65954690.0000,0.0000,0.0000,965670256.0000,20545836.0000,346233097.0000,16092.0000,45698970.0000,83776133.0000,13174.0000,0.0000,0.0000,1109658988.0000,1803765.0000,1109658988.0000,97382463.0000,102122138.0000,264202033.0000,4482195.0000,0.0000,0.0000,1079088101.0000,10709325.0000,3271180.0000,2690587.0000,18530286.0000,539543449.0000,13745914.0000,0.0000,0.0000,1297318776.0000,6015139.0000,887338.0000,246.0000,0.0000,0.0000,0.0000,0.0000,0.0000
1173746597.0000,187460.0000,3785.0000,3686011.0000,106090926.0000,61188.0000,73967019.0000,0.0000,0.0000,1079811682.0000,21752992.0000,383755293.0000,21820.0000,51398351.0000,94990164.0000,13181.0000,0.0000,0.0000,1007001922.0000,1639353.0000,1007001922.0000,87199803.0000,93490161.0000,239624753.0000,4334160.0000,0.0000,0.0000,1236216868.0000,11491701.0000,3395868.0000,2838604.0000,20120714.0000,618108202.0000,14287193.0000,0.0000,0.0000,1143288181.0000,5590291.0000,921833.0000,271.0000,0.0000,0.0000,0.0000,0.0000,0.0000
1119314627.0000,188690.0000,3728.0000,3555110.0000,98918268.0000,58571.0000,68591389.0000,0.0000,0.0000,1182370330.0000,22640406.0000,391593312.0000,21884.0000,51989732.0000,95741152.0000,13178.0000,0.0000,0.0000,1188506704.0000,1780775.0000,1188506704.0000,122312231.0000,117280576.0000,308976920.0000,4929760.0000,0.0000,0.0000,1311501742.0000,12610821.0000,3823919.0000,3192395.0000,22409875.0000,655750548.0000,16056476.0000,0.0000,0.0000,1245874893.0000,7031050.0000,937229.0000,261.0000,0.0000,0.0000,0.0000,0.0000,0.0000
1053094735.0000,185180.0000,3994.0000,3321871.0000,96361676.0000,56773.0000,66821343.0000,0.0000,0.0000,1092715922.0000,22098539.0000,370693927.0000,21122.0000,48788266.0000,89558436.0000,13174.0000,0.0000,0.0000,1213411531.0000,1968468.0000,1213411531.0000,105356834.0000,109261576.0000,285503091.0000,4906882.0000,0.0000,0.0000,907214132.0000,9210928.0000,2893383.0000,2320983.0000,15938107.0000,453607065.0000,12161878.0000,0.0000,0.0000,1011627380.0000,5519254.0000,771266.0000,209.0000,0.0000,0.0000,0.0000,0.0000,0.0000
1289574667.0000,112194.0000,3783.0000,4062761.0000,117477324.0000,67386.0000,82693451.0000,0.0000,0.0000,1022794674.0000,20617897.0000,378235960.0000,22551.0000,51093398.0000,94470982.0000,13175.0000,0.0000,0.0000,1079999402.0000,1733336.0000,1079999402.0000,100934137.0000,103442228.0000,268031474.0000,4451592.0000,0.0000,0.0000,1146513170.0000,11339495.0000,3401202.0000,2816594.0000,18838010.0000,573255649.0000,14294802.0000,0.0000,0.0000,1124446690.0000,4779792.0000,1329049.0000,245.0000,0.0000,0.0000,0.0000,0.0000,0.0000
999062347.0000,178258.0000,3471.0000,3152345.0000,92054614.0000,55335.0000,63577118.0000,0.0000,0.0000,1057269778.0000,20942658.0000,376986404.0000,17844.0000,50936905.0000,94298034.0000,13186.0000,0.0000,0.0000,1195154592.0000,1863547.0000,1195154592.0000,104988672.0000,109566372.0000,284902011.0000,5036646.0000,0.0000,0.0000,1129567342.0000,10801971.0000,3259161.0000,2683659.0000,19487596.0000,564783401.0000,13711988.0000,0.0000,0.0000,1153795387.0000,4609882.0000,926106.0000,236.0000,0.0000,0.0000,0.0000,0.0000,0.0000
1374256549.0000,89004.0000,3510.0000,4381401.0000,117421999.0000,70537.0000,82224646.0000,0.0000,0.0000,1095744041.0000,21783727.0000,377694990.0000,16929.0000,50260977.0000,92551367.0000,13175.0000,0.0000,0.0000,939208273.0000,1499157.0000,939208273.0000,90557116.0000,91834799.0000,238382787.0000,4077489.0000,0.0000,0.0000,1088690176.0000,10718214.0000,3259222.0000,2666360.0000,19185017.0000,544344300.0000,13704312.0000,0.0000,0.0000,1301850562.0000,6662962.0000,918399.0000,288.0000,0.0000,0.0000,0.0000,0.0000,0.0000
