4981379.0000,18394.0000,550.0000,6436.0000,2374642.0000,742.0000,1685357.0000,0.0000,0.0000,4646336.0000,671667.0000,4252380.0000,220.0000,416663.0000,717311.0000,70.0000,0.0000,0.0000,4457331.0000,24827.0000,4457331.0000,892365.0000,2354869.0000,2860930.0000,5034.0000,0.0000,0.0000,4480071.0000,27807.0000,2095.0000,455.0000,9505.0000,2240040.0000,8759.0000,0.0000,0.0000,4622609.0000,1896.0000,81994.0000,1.0000,0.0000,0.0000,0.0000,0.0000,0.0000
928949726.0000,151023.0000,2607.0000,799868.0000,214855026.0000,8955.0000,139514799.0000,0.0000,0.0000,924024738.0000,68112906.0000,549082420.0000,7316.0000,69411532.0000,73586390.0000,1904612.0000,0.0000,0.0000,927826928.0000,1690411.0000,927826928.0000,73161142.0000,215450935.0000,322545823.0000,1136257.0000,0.0000,0.0000,924829872.0000,2272780.0000,380674.0000,264632.0000,1830086.0000,462414747.0000,1548487.0000,0.0000,0.0000,923480561.0000,363239.0000,59977.0000,161.0000,0.0000,0.0000,0.0000,0.0000,0.0000
1554610516.0000,120387.0000,1230.0000,1405718.0000,374409580.0000,4761.0000,249756791.0000,0.0000,0.0000,1565534788.0000,124398358.0000,884687337.0000,3168.0000,124510459.0000,126716474.0000,36339.0000,0.0000,0.0000,1545386153.0000,2049491.0000,1545386153.0000,124772874.0000,369060238.0000,518650565.0000,1858110.0000,0.0000,0.0000,1546946202.0000,3045601.0000,218736.0000,129506.0000,1503525.0000,773473085.0000,934829.0000,0.0000,0.0000,1596226774.0000,426394.0000,51593.0000,281.0000,0.0000,0.0000,0.0000,0.0000,0.0000
1577341940.0000,121060.0000,1661.0000,1448444.0000,378304382.0000,5015.0000,252347595.0000,0.0000,0.0000,1580091210.0000,125646507.0000,893541459.0000,3144.0000,125758367.0000,127981197.0000,36569.0000,0.0000,0.0000,1386838776.0000,1850418.0000,1386838776.0000,112203795.0000,331708547.0000,466358708.0000,1588317.0000,0.0000,0.0000,1554707980.0000,2973152.0000,214367.0000,130591.0000,1439343.0000,777353954.0000,917460.0000,0.0000,0.0000,1555114596.0000,409730.0000,51582.0000,267.0000,0.0000,0.0000,0.0000,0.0000,0.0000
1602185342.0000,122430.0000,1366.0000,1441314.0000,385184949.0000,4987.0000,256948594.0000,0.0000,0.0000,1601500232.0000,126875827.0000,902260993.0000,3171.0000,126987175.0000,129226873.0000,36685.0000,0.0000,0.0000,1536928989.0000,2042902.0000,1536928989.0000,124209741.0000,367364165.0000,516363218.0000,1804425.0000,0.0000,0.0000,1554341628.0000,2917691.0000,211214.0000,127345.0000,1360353.0000,777170843.0000,902357.0000,0.0000,0.0000,1554661520.0000,465468.0000,50473.0000,294.0000,0.0000,0.0000,0.0000,0.0000,0.0000
1530193139.0000,125627.0000,1890.0000,1375030.0000,368210019.0000,5335.0000,245588392.0000,0.0000,0.0000,1553090010.0000,123519016.0000,878433941.0000,3319.0000,123624802.0000,125829371.0000,38861.0000,0.0000,0.0000,1530584441.0000,2029562.0000,1530584441.0000,123482981.0000,365205496.0000,513342532.0000,1852931.0000,0.0000,0.0000,1543122112.0000,2907919.0000,200885.0000,128964.0000,1404055.0000,771561041.0000,864366.0000,0.0000,0.0000,1521932297.0000,399353.0000,50650.0000,299.0000,0.0000,0.0000,0.0000,0.0000,0.0000
1555428940.0000,117600.0000,1275.0000,1289614.0000,384239462.0000,5927.0000,255678117.0000,0.0000,0.0000,1553248500.0000,122326374.0000,911278279.0000,2815.0000,123499156.0000,128062670.0000,1852592.0000,0.0000,0.0000,1529479619.0000,2456545.0000,1529479619.0000,124820497.0000,376207615.0000,528697134.0000,1564737.0000,0.0000,0.0000,1538099824.0000,2797585.0000,200036.0000,130074.0000,1268444.0000,769049888.0000,827570.0000,0.0000,0.0000,1506289376.0000,359537.0000,44072.0000,301.0000,0.0000,0.0000,0.0000,0.0000,0.0000
1589715587.0000,105882.0000,1250.0000,903736.0000,384291916.0000,4472.0000,256614896.0000,0.0000,0.0000,1540434251.0000,123360042.0000,877545273.0000,1932.0000,123510322.0000,125684124.0000,13762.0000,0.0000,0.0000,1589280669.0000,2106732.0000,1589280669.0000,129115049.0000,382103701.0000,536741763.0000,1278781.0000,0.0000,0.0000,1588571098.0000,2733998.0000,179801.0000,99548.0000,1070979.0000,794285567.0000,718968.0000,0.0000,0.0000,1613085225.0000,389800.0000,35727.0000,318.0000,0.0000,0.0000,0.0000,0.0000,0.0000
1540998388.0000,105494.0000,1010.0000,878816.0000,372398143.0000,4227.0000,248668409.0000,0.0000,0.0000,1588649026.0000,127262315.0000,905231873.0000,1934.0000,127412399.0000,129639101.0000,13762.0000,0.0000,0.0000,1538136436.0000,2037281.0000,1538136436.0000,124746663.0000,369115358.0000,518546611.0000,1275783.0000,0.0000,0.0000,1564598846.0000,2737529.0000,181441.0000,99799.0000,980539.0000,782299428.0000,725319.0000,0.0000,0.0000,1565363914.0000,316728.0000,35764.0000,293.0000,0.0000,0.0000,0.0000,0.0000,0.0000
1541777487.0000,106762.0000,1658.0000,883519.0000,372323404.0000,4364.0000,248618684.0000,0.0000,0.0000,1467979630.0000,117627053.0000,836870548.0000,1917.0000,117777410.0000,119873688.0000,13762.0000,0.0000,0.0000,1586742137.0000,2102068.0000,1586742137.0000,128847867.0000,381293593.0000,535612087.0000,1320400.0000,0.0000,0.0000,1540311651.0000,2721399.0000,202062.0000,96563.0000,1163826.0000,770155826.0000,807949.0000,0.0000,0.0000,1563862800.0000,381734.0000,36268.0000,318.0000,0.0000,0.0000,0.0000,0.0000,0.0000
1565740774.0000,109794.0000,1717.0000,892336.0000,379198364.0000,5126.0000,253210645.0000,0.0000,0.0000,1564532318.0000,125541726.0000,893033553.0000,1945.0000,125690358.0000,127902246.0000,13757.0000,0.0000,0.0000,1538172349.0000,2034353.0000,1538172349.0000,124777450.0000,368660773.0000,518084609.0000,1254395.0000,0.0000,0.0000,1540359620.0000,2572412.0000,186782.0000,98480.0000,1009841.0000,770179795.0000,746751.0000,0.0000,0.0000,1541856482.0000,296252.0000,35645.0000,291.0000,0.0000,0.0000,0.0000,0.0000,0.0000
1559360946.0000,114059.0000,1630.0000,906455.0000,386438647.0000,5155.0000,257280078.0000,0.0000,0.0000,1558298819.0000,123084486.0000,917267507.0000,2310.0000,124360854.0000,129009707.0000,1843083.0000,0.0000,0.0000,1536857280.0000,2470157.0000,1536857280.0000,127016662.0000,380807873.0000,535612711.0000,1105690.0000,0.0000,0.0000,1535273572.0000,2381886.0000,188518.0000,113612.0000,1017919.0000,767636769.0000,754827.0000,0.0000,0.0000,1557229752.0000,319380.0000,37440.0000,317.0000,0.0000,0.0000,0.0000,0.0000,0.0000
1538167712.0000,112529.0000,1228.0000,825674.0000,371278671.0000,4490.0000,247879971.0000,0.0000,0.0000,1588140023.0000,127453895.0000,906579990.0000,1985.0000,127602192.0000,129832185.0000,14679.0000,0.0000,0.0000,1539061232.0000,2050303.0000,1539061232.0000,125557600.0000,371511776.0000,521903198.0000,1030125.0000,0.0000,0.0000,1540696472.0000,2060482.0000,174215.0000,97478.0000,912299.0000,770348237.0000,698887.0000,0.0000,0.0000,1564078737.0000,368561.0000,35944.0000,309.0000,0.0000,0.0000,0.0000,0.0000,0.0000
1565306790.0000,111216.0000,1351.0000,815620.0000,377876671.0000,4903.0000,252316470.0000,0.0000,0.0000,1563174312.0000,125164051.0000,890336434.0000,1983.0000,125312800.0000,127511670.0000,14564.0000,0.0000,0.0000,1540653926.0000,2053328.0000,1540653926.0000,125841921.0000,372379044.0000,523106896.0000,1028123.0000,0.0000,0.0000,1539081200.0000,2033112.0000,185945.0000,98674.0000,1002071.0000,769540577.0000,745762.0000,0.0000,0.0000,1564884628.0000,273721.0000,35933.0000,307.0000,0.0000,0.0000,0.0000,0.0000,0.0000
1561373177.0000,112418.0000,1489.0000,839700.0000,375777255.0000,5429.0000,251203220.0000,0.0000,0.0000,1588307321.0000,126795649.0000,901910315.0000,2022.0000,126943684.0000,129166481.0000,14908.0000,0.0000,0.0000,1540791426.0000,2053443.0000,1540791426.0000,125818196.0000,372308365.0000,523008069.0000,1023122.0000,0.0000,0.0000,1541283729.0000,2073298.0000,210011.0000,98656.0000,1124412.0000,770641843.0000,842139.0000,0.0000,0.0000,1539092376.0000,257483.0000,36164.0000,315.0000,0.0000,0.0000,0.0000,0.0000,0.0000
1562466855.0000,112817.0000,1374.0000,880200.0000,376811640.0000,5066.0000,252479061.0000,0.0000,0.0000,1556854986.0000,124431584.0000,903534222.0000,2275.0000,125671379.0000,129051045.0000,51241.0000,0.0000,0.0000,1560419175.0000,2087306.0000,1560419175.0000,127777938.0000,378089509.0000,531146221.0000,1037113.0000,0.0000,0.0000,1536954160.0000,2074004.0000,173822.0000,103814.0000,964908.0000,768477035.0000,707470.0000,0.0000,0.0000,1538281798.0000,279997.0000,38357.0000,314.0000,0.0000,0.0000,0.0000,0.0000,0.0000
1579439295.0000,111591.0000,1114.0000,1118968.0000,387120390.0000,5335.0000,257076326.0000,0.0000,0.0000,1539876628.0000,122039199.0000,889176812.0000,2196.0000,121997778.0000,125197321.0000,1760623.0000,0.0000,0.0000,1557465249.0000,2485111.0000,1557465249.0000,129302386.0000,386182667.0000,543540174.0000,1212382.0000,0.0000,0.0000,1443691397.0000,2913533.0000,201697.0000,106099.0000,1091446.0000,721845699.0000,806235.0000,0.0000,0.0000,1542871460.0000,265755.0000,37070.0000,266.0000,0.0000,0.0000,0.0000,0.0000,0.0000
1588024577.0000,110493.0000,1070.0000,914092.0000,381384450.0000,4773.0000,254657999.0000,0.0000,0.0000,1564005235.0000,125303228.0000,891332619.0000,1943.0000,125453492.0000,127653658.0000,13759.0000,0.0000,0.0000,1540405031.0000,2050476.0000,1540405031.0000,125655173.0000,371829184.0000,522331426.0000,1238708.0000,0.0000,0.0000,1587156746.0000,2758735.0000,226556.0000,100492.0000,1289442.0000,793578374.0000,905696.0000,0.0000,0.0000,1541334270.0000,364028.0000,35685.0000,291.0000,0.0000,0.0000,0.0000,0.0000,0.0000
1589031075.0000,110057.0000,1391.0000,919147.0000,381518921.0000,4613.0000,254747908.0000,0.0000,0.0000,1564604044.0000,124830814.0000,887980076.0000,1934.0000,124981058.0000,127174767.0000,13756.0000,0.0000,0.0000,1588652452.0000,2108546.0000,1588652452.0000,129324928.0000,382740245.0000,537608540.0000,1269890.0000,0.0000,0.0000,1588260309.0000,2610850.0000,213145.0000,101654.0000,1178154.0000,794130153.0000,852165.0000,0.0000,0.0000,1541193939.0000,277186.0000,35739.0000,302.0000,0.0000,0.0000,0.0000,0.0000,0.0000
1539979122.0000,109823.0000,1156.0000,876372.0000,369879748.0000,4681.0000,247070701.0000,0.0000,0.0000,1564882907.0000,125218003.0000,890735532.0000,1944.0000,125367360.0000,127572096.0000,13758.0000,0.0000,0.0000,1588657775.0000,2113017.0000,1588657775.0000,129582070.0000,383500094.0000,538679124.0000,1272075.0000,0.0000,0.0000,1538733764.0000,2880552.0000,230434.0000,98822.0000,1288766.0000,769366876.0000,921330.0000,0.0000,0.0000,1589906689.0000,266284.0000,36330.0000,292.0000,0.0000,0.0000,0.0000,0.0000,0.0000
1580423394.0000,109774.0000,1266.0000,1113373.0000,390169854.0000,5638.0000,259846161.0000,0.0000,0.0000,1557306144.0000,123200760.0000,915305034.0000,2308.0000,124168413.0000,128476860.0000,1794210.0000,0.0000,0.0000,1541975192.0000,2467900.0000,1541975192.0000,127431570.0000,382652546.0000,537928095.0000,1270193.0000,0.0000,0.0000,1531178711.0000,2607406.0000,223680.0000,112891.0000,1199971.0000,765589377.0000,895545.0000,0.0000,0.0000,1532055416.0000,375631.0000,37115.0000,294.0000,0.0000,0.0000,0.0000,0.0000,0.0000
1589039264.0000,106953.0000,1037.0000,917519.0000,383264306.0000,4480.0000,255918193.0000,0.0000,0.0000,1480402415.0000,119057210.0000,847007985.0000,1978.0000,119205885.0000,121322163.0000,14670.0000,0.0000,0.0000,1538379727.0000,2041825.0000,1538379727.0000,125044954.0000,370009646.0000,519801258.0000,1461633.0000,0.0000,0.0000,1564616167.0000,2477342.0000,171654.0000,98433.0000,937305.0000,782308085.0000,688574.0000,0.0000,0.0000,1540370209.0000,304676.0000,36000.0000,315.0000,0.0000,0.0000,0.0000,0.0000,0.0000
1564467906.0000,105551.0000,996.0000,900657.0000,378444824.0000,4050.0000,252697891.0000,0.0000,0.0000,1539331280.0000,123588101.0000,879153781.0000,1991.0000,123736811.0000,125914457.0000,14676.0000,0.0000,0.0000,1539259663.0000,2043808.0000,1539259663.0000,125194394.0000,370453154.0000,520417413.0000,1469413.0000,0.0000,0.0000,1562882189.0000,2434183.0000,181532.0000,97980.0000,1075095.0000,781441099.0000,728226.0000,0.0000,0.0000,1563835642.0000,374545.0000,36011.0000,319.0000,0.0000,0.0000,0.0000,0.0000,0.0000
1588026502.0000,109088.0000,1594.0000,896806.0000,383603513.0000,4878.0000,256126822.0000,0.0000,0.0000,1587142115.0000,126913432.0000,902736053.0000,2086.0000,127058815.0000,129284986.0000,15712.0000,0.0000,0.0000,1563735726.0000,2078546.0000,1563735726.0000,127350046.0000,376860275.0000,529393595.0000,1503463.0000,0.0000,0.0000,1540145825.0000,2473325.0000,204147.0000,98095.0000,1105305.0000,770072919.0000,819592.0000,0.0000,0.0000,1565024784.0000,273970.0000,36456.0000,310.0000,0.0000,0.0000,0.0000,0.0000,0.0000
1556453917.0000,113849.0000,1379.0000,1196059.0000,385482398.0000,5533.0000,256749784.0000,0.0000,0.0000,1538203317.0000,123541682.0000,878813232.0000,2128.0000,123683603.0000,125875763.0000,17317.0000,0.0000,0.0000,1537318052.0000,2047892.0000,1537318052.0000,125194870.0000,370411098.0000,520411365.0000,1437524.0000,0.0000,0.0000,1564272128.0000,2425973.0000,177357.0000,103946.0000,1104288.0000,782136018.0000,720002.0000,0.0000,0.0000,1561871956.0000,382455.0000,38181.0000,315.0000,0.0000,0.0000,0.0000,0.0000,0.0000
1587707135.0000,110729.0000,1202.0000,1084129.0000,382102151.0000,4606.0000,255156379.0000,0.0000,0.0000,1490876747.0000,117482442.0000,877951473.0000,2230.0000,119144857.0000,124028409.0000,1745231.0000,0.0000,0.0000,1583649477.0000,2503590.0000,1583649477.0000,131359894.0000,391529988.0000,551209592.0000,1362009.0000,0.0000,0.0000,1506611835.0000,2321615.0000,213147.0000,111874.0000,1235286.0000,753305897.0000,852409.0000,0.0000,0.0000,1513978064.0000,269443.0000,36781.0000,283.0000,0.0000,0.0000,0.0000,0.0000,0.0000
1565286567.0000,110082.0000,1160.0000,1130518.0000,376224591.0000,4251.0000,251221217.0000,0.0000,0.0000,1588376467.0000,127338256.0000,905769584.0000,1950.0000,127488321.0000,129716081.0000,13759.0000,0.0000,0.0000,1588920247.0000,2109025.0000,1588920247.0000,129354979.0000,382829253.0000,537730219.0000,1453584.0000,0.0000,0.0000,1565352851.0000,2327618.0000,240186.0000,99785.0000,1327449.0000,782676417.0000,960249.0000,0.0000,0.0000,1541898412.0000,354372.0000,35391.0000,291.0000,0.0000,0.0000,0.0000,0.0000,0.0000
1589225585.0000,110210.0000,1231.0000,1123732.0000,382494142.0000,5233.0000,255412070.0000,0.0000,0.0000,1565215819.0000,125265640.0000,891065602.0000,1931.0000,125415819.0000,127615473.0000,13759.0000,0.0000,0.0000,1565277334.0000,2071772.0000,1565277334.0000,127017482.0000,375879072.0000,528005323.0000,1398220.0000,0.0000,0.0000,1541033190.0000,2347619.0000,214164.0000,98105.0000,1110068.0000,770516611.0000,856237.0000,0.0000,0.0000,1564489728.0000,217706.0000,35409.0000,318.0000,0.0000,0.0000,0.0000,0.0000,0.0000
1448789748.0000,109371.0000,1139.0000,1037005.0000,347129060.0000,4744.0000,231805494.0000,0.0000,0.0000,1539562496.0000,123352110.0000,877498304.0000,1958.0000,123500560.0000,125682965.0000,13759.0000,0.0000,0.0000,1563811672.0000,2076738.0000,1563811672.0000,127286664.0000,376663390.0000,529112564.0000,1357033.0000,0.0000,0.0000,1539505785.0000,2321600.0000,234716.0000,99524.0000,1301343.0000,769752889.0000,938480.0000,0.0000,0.0000,1542610076.0000,348636.0000,35520.0000,265.0000,0.0000,0.0000,0.0000,0.0000,0.0000
1537050871.0000,109064.0000,1173.0000,1407223.0000,379486279.0000,4926.0000,252782587.0000,0.0000,0.0000,1559047426.0000,122889945.0000,913735819.0000,2334.0000,124120819.0000,128651971.0000,1746145.0000,0.0000,0.0000,1580662099.0000,2498721.0000,1580662099.0000,130643350.0000,389734435.0000,548656138.0000,1554188.0000,0.0000,0.0000,1557424454.0000,2613715.0000,212302.0000,113218.0000,1160869.0000,778712212.0000,849903.0000,0.0000,0.0000,1539863637.0000,270040.0000,37110.0000,316.0000,0.0000,0.0000,0.0000,0.0000,0.0000
1566589897.0000,106762.0000,1191.0000,1808626.0000,375202079.0000,4316.0000,250531236.0000,0.0000,0.0000,1587185861.0000,126691028.0000,901169134.0000,2016.0000,126839433.0000,129059199.0000,14676.0000,0.0000,0.0000,1539059032.0000,2038647.0000,1539059032.0000,124832128.0000,369376611.0000,518913548.0000,1588813.0000,0.0000,0.0000,1566204921.0000,3203243.0000,175709.0000,100911.0000,1074860.0000,783102425.0000,704893.0000,0.0000,0.0000,1540965814.0000,320009.0000,36077.0000,301.0000,0.0000,0.0000,0.0000,0.0000,0.0000
1565353034.0000,105916.0000,1248.0000,1822556.0000,375055723.0000,4390.0000,250433473.0000,0.0000,0.0000,1586892614.0000,126359898.0000,898819357.0000,2011.0000,126508423.0000,128723607.0000,14680.0000,0.0000,0.0000,1588645706.0000,2102636.0000,1588645706.0000,128897592.0000,381462667.0000,535827256.0000,1659528.0000,0.0000,0.0000,1564897216.0000,3162573.0000,186052.0000,99071.0000,1126124.0000,782448645.0000,746158.0000,0.0000,0.0000,1540282452.0000,259650.0000,36176.0000,289.0000,0.0000,0.0000,0.0000,0.0000,0.0000
1584801957.0000,113146.0000,1405.0000,1827823.0000,379713703.0000,4879.0000,253501240.0000,0.0000,0.0000,1537916141.0000,122577542.0000,871958349.0000,2170.0000,122719094.0000,124892042.0000,17890.0000,0.0000,0.0000,1538634576.0000,2038572.0000,1538634576.0000,124798596.0000,369260106.0000,518762612.0000,1597517.0000,0.0000,0.0000,1538117244.0000,3141155.0000,198437.0000,101135.0000,1181349.0000,769058613.0000,801543.0000,0.0000,0.0000,1539530641.0000,238094.0000,37410.0000,299.0000,0.0000,0.0000,0.0000,0.0000,0.0000
1557743280.0000,110842.0000,1639.0000,1523167.0000,384308957.0000,5368.0000,255888974.0000,0.0000,0.0000,1562141641.0000,123386593.0000,915799403.0000,2318.0000,124529603.0000,128947225.0000,1697396.0000,0.0000,0.0000,1533923380.0000,2426477.0000,1533923380.0000,127160760.0000,378550125.0000,533189906.0000,1543777.0000,0.0000,0.0000,1534906150.0000,3086727.0000,190052.0000,116184.0000,1050087.0000,767453065.0000,765433.0000,0.0000,0.0000,1580222606.0000,380095.0000,38188.0000,307.0000,0.0000,0.0000,0.0000,0.0000,0.0000
1539999710.0000,105036.0000,927.0000,1166691.0000,370753120.0000,4282.0000,247569270.0000,0.0000,0.0000,1565884245.0000,125741883.0000,894442400.0000,1926.0000,125891733.0000,128097984.0000,13765.0000,0.0000,0.0000,1564343789.0000,2080198.0000,1564343789.0000,127581240.0000,377555149.0000,530343589.0000,1224921.0000,0.0000,0.0000,1541342443.0000,2477043.0000,174185.0000,95373.0000,950420.0000,770671210.0000,696319.0000,0.0000,0.0000,1542580443.0000,237215.0000,35396.0000,280.0000,0.0000,0.0000,0.0000,0.0000,0.0000
1589537657.0000,104632.0000,860.0000,1192845.0000,382287595.0000,4162.0000,255275912.0000,0.0000,0.0000,1587959345.0000,126991027.0000,903306187.0000,1944.0000,127140910.0000,129364024.0000,13767.0000,0.0000,0.0000,1539663443.0000,2040753.0000,1539663443.0000,125055138.0000,370044677.0000,519834499.0000,1214441.0000,0.0000,0.0000,1563537288.0000,2495903.0000,188868.0000,97301.0000,1094329.0000,781768639.0000,755157.0000,0.0000,0.0000,1564816590.0000,338964.0000,35409.0000,318.0000,0.0000,0.0000,0.0000,0.0000,0.0000
1588606755.0000,108081.0000,1057.0000,1210472.0000,382340585.0000,4726.0000,255310302.0000,0.0000,0.0000,1587575003.0000,127044047.0000,903688754.0000,1976.0000,127192195.0000,129423345.0000,13766.0000,0.0000,0.0000,1540426585.0000,2043504.0000,1540426585.0000,125179851.0000,370411343.0000,520356912.0000,1233619.0000,0.0000,0.0000,1540798575.0000,2405128.0000,210789.0000,96366.0000,1184354.0000,770399272.0000,842764.0000,0.0000,0.0000,1566418574.0000,260549.0000,35561.0000,292.0000,0.0000,0.0000,0.0000,0.0000,0.0000
1559095461.0000,110144.0000,1275.0000,1254924.0000,384853784.0000,5139.0000,256339493.0000,0.0000,0.0000,1554791966.0000,122933143.0000,914256596.0000,2385.0000,124355405.0000,129044781.0000,1697156.0000,0.0000,0.0000,1532142107.0000,2434445.0000,1532142107.0000,127298855.0000,380058853.0000,534881347.0000,1145105.0000,0.0000,0.0000,1560578906.0000,2372065.0000,191268.0000,114424.0000,1059281.0000,780289444.0000,765803.0000,0.0000,0.0000,1560414475.0000,375471.0000,37103.0000,317.0000,0.0000,0.0000,0.0000,0.0000,0.0000
1563460378.0000,106935.0000,1081.0000,929126.0000,377239752.0000,4349.0000,251888717.0000,0.0000,0.0000,1607947020.0000,129351836.0000,920044145.0000,2171.0000,129499833.0000,131755650.0000,15019.0000,0.0000,0.0000,1564548416.0000,2077581.0000,1564548416.0000,127273819.0000,376636264.0000,529080053.0000,1449447.0000,0.0000,0.0000,1541374708.0000,2327801.0000,172962.0000,96838.0000,910546.0000,770687323.0000,693966.0000,0.0000,0.0000,1565031111.0000,209856.0000,36021.0000,295.0000,0.0000,0.0000,0.0000,0.0000,0.0000
1587372153.0000,107988.0000,1168.0000,952107.0000,382894362.0000,4292.0000,255669542.0000,0.0000,0.0000,1586549981.0000,127604364.0000,907645974.0000,2102.0000,127752547.0000,129984510.0000,14794.0000,0.0000,0.0000,1538934415.0000,2047854.0000,1538934415.0000,125493184.0000,371341762.0000,521656917.0000,1429966.0000,0.0000,0.0000,1540916639.0000,2417662.0000,180941.0000,97959.0000,956755.0000,770458311.0000,725768.0000,0.0000,0.0000,1540926230.0000,331186.0000,36005.0000,312.0000,0.0000,0.0000,0.0000,0.0000,0.0000
1585465483.0000,112739.0000,1431.0000,945738.0000,383882728.0000,5048.0000,256287441.0000,0.0000,0.0000,1586034334.0000,127409336.0000,906237455.0000,2214.0000,127549117.0000,129790623.0000,18342.0000,0.0000,0.0000,1587390358.0000,2108253.0000,1587390358.0000,129216719.0000,382400778.0000,537155410.0000,1392455.0000,0.0000,0.0000,1563646284.0000,2436632.0000,214421.0000,99937.0000,1109431.0000,781823139.0000,862551.0000,0.0000,0.0000,1564400830.0000,273948.0000,37669.0000,284.0000,0.0000,0.0000,0.0000,0.0000,0.0000
1580665437.0000,109917.0000,1275.0000,961207.0000,392043882.0000,5084.0000,261139884.0000,0.0000,0.0000,1584322924.0000,125292661.0000,929324918.0000,2277.0000,126593342.0000,131155659.0000,1648184.0000,0.0000,0.0000,1531853741.0000,2418669.0000,1531853741.0000,126697004.0000,378676801.0000,532769421.0000,1353993.0000,0.0000,0.0000,1562455800.0000,2480220.0000,189749.0000,116413.0000,1027512.0000,781227868.0000,766613.0000,0.0000,0.0000,1585662859.0000,389869.0000,38027.0000,286.0000,0.0000,0.0000,0.0000,0.0000,0.0000
1588762810.0000,104706.0000,1001.0000,1008653.0000,384310656.0000,4481.0000,256627568.0000,0.0000,0.0000,1564556203.0000,125243805.0000,890909774.0000,1940.0000,125393880.0000,127593212.0000,13760.0000,0.0000,0.0000,1564427046.0000,2086616.0000,1564427046.0000,127934535.0000,378605523.0000,531819192.0000,1172290.0000,0.0000,0.0000,1565429561.0000,2825453.0000,178878.0000,98530.0000,1066289.0000,782714778.0000,715147.0000,0.0000,0.0000,1566624057.0000,261636.0000,35404.0000,280.0000,0.0000,0.0000,0.0000,0.0000,0.0000
1588237141.0000,104988.0000,1089.0000,967836.0000,383209497.0000,4170.0000,255892191.0000,0.0000,0.0000,1539290817.0000,123119541.0000,875839453.0000,1939.0000,123269826.0000,125440496.0000,13765.0000,0.0000,0.0000,1565981963.0000,2084388.0000,1565981963.0000,127796306.0000,378195029.0000,531243366.0000,1139807.0000,0.0000,0.0000,1563694409.0000,2799101.0000,189447.0000,98441.0000,1128855.0000,781847165.0000,757360.0000,0.0000,0.0000,1566042168.0000,339802.0000,35408.0000,294.0000,0.0000,0.0000,0.0000,0.0000,0.0000
1564524390.0000,109790.0000,1329.0000,971994.0000,378576653.0000,4806.0000,252795678.0000,0.0000,0.0000,1562252648.0000,125224978.0000,890786912.0000,1976.0000,125373087.0000,127582605.0000,13763.0000,0.0000,0.0000,1567442617.0000,2085108.0000,1567442617.0000,127829487.0000,378283313.0000,531373043.0000,1140340.0000,0.0000,0.0000,1540048133.0000,2691274.0000,182521.0000,97052.0000,1102435.0000,770024063.0000,729742.0000,0.0000,0.0000,1567530539.0000,275513.0000,35492.0000,292.0000,0.0000,0.0000,0.0000,0.0000,0.0000
1515002072.0000,109833.0000,1738.0000,870630.0000,375308139.0000,4726.0000,249886728.0000,0.0000,0.0000,1528297482.0000,120944653.0000,899128513.0000,2327.0000,122354984.0000,126967513.0000,1649097.0000,0.0000,0.0000,1557305420.0000,2461279.0000,1557305420.0000,128431710.0000,385213759.0000,541549241.0000,1112547.0000,0.0000,0.0000,1585391291.0000,3145739.0000,193318.0000,115400.0000,1073462.0000,792695650.0000,773912.0000,0.0000,0.0000,1559082466.0000,380469.0000,37104.0000,300.0000,0.0000,0.0000,0.0000,0.0000,0.0000
1586532802.0000,107866.0000,1051.0000,875926.0000,383427704.0000,4182.0000,256027253.0000,0.0000,0.0000,1566512673.0000,125969590.0000,896051806.0000,1994.0000,126118299.0000,128328336.0000,14685.0000,0.0000,0.0000,1562373215.0000,2078896.0000,1562373215.0000,127233250.0000,376485203.0000,528903991.0000,1034455.0000,0.0000,0.0000,1564134475.0000,2122522.0000,185624.0000,99352.0000,1139713.0000,782067225.0000,744280.0000,0.0000,0.0000,1564983139.0000,345634.0000,36319.0000,292.0000,0.0000,0.0000,0.0000,0.0000,0.0000
1587357340.0000,106256.0000,1020.0000,879892.0000,383175544.0000,4349.0000,255851743.0000,0.0000,0.0000,1586022183.0000,127151903.0000,904434282.0000,2039.0000,127299470.0000,129525998.0000,15143.0000,0.0000,0.0000,1565298162.0000,2084590.0000,1565298162.0000,127696506.0000,377863237.0000,530814397.0000,1053134.0000,0.0000,0.0000,1537797203.0000,2119980.0000,188878.0000,96994.0000,1069795.0000,768898597.0000,758079.0000,0.0000,0.0000,1541565464.0000,228915.0000,36030.0000,289.0000,0.0000,0.0000,0.0000,0.0000,0.0000
1579904816.0000,114388.0000,1559.0000,893331.0000,389749871.0000,5226.0000,261555451.0000,0.0000,0.0000,1515626303.0000,121635041.0000,868266624.0000,2123.0000,122273698.0000,124937266.0000,17662.0000,0.0000,0.0000,1564865139.0000,2068846.0000,1564865139.0000,128207341.0000,375740238.0000,529012671.0000,1040213.0000,0.0000,0.0000,1539548419.0000,2123591.0000,175836.0000,101772.0000,963418.0000,769774233.0000,714709.0000,0.0000,0.0000,1563957726.0000,311244.0000,38296.0000,293.0000,0.0000,0.0000,0.0000,0.0000,0.0000
1589098181.0000,106189.0000,982.0000,964451.0000,385662642.0000,4410.0000,255680900.0000,0.0000,0.0000,1585273711.0000,124479149.0000,921775827.0000,2338.0000,125639586.0000,130016911.0000,1599662.0000,0.0000,0.0000,1560087246.0000,2443380.0000,1560087246.0000,129469258.0000,385775658.0000,543008957.0000,1008900.0000,0.0000,0.0000,1530873863.0000,2555867.0000,185400.0000,109882.0000,1110444.0000,765436926.0000,741425.0000,0.0000,0.0000,1557619681.0000,280052.0000,37044.0000,300.0000,0.0000,0.0000,0.0000,0.0000,0.0000
1587076925.0000,104454.0000,1112.0000,967410.0000,382552372.0000,4104.0000,255452986.0000,0.0000,0.0000,1587376949.0000,126501887.0000,899838376.0000,2042.0000,126647156.0000,128875017.0000,13764.0000,0.0000,0.0000,1564748776.0000,2087353.0000,1564748776.0000,128017811.0000,378852747.0000,532161363.0000,1009073.0000,0.0000,0.0000,1588676477.0000,2505200.0000,177766.0000,98660.0000,972030.0000,794338236.0000,710646.0000,0.0000,0.0000,1564389269.0000,261097.0000,35713.0000,320.0000,0.0000,0.0000,0.0000,0.0000,0.0000
1540691164.0000,106712.0000,1257.0000,974023.0000,372026123.0000,4747.0000,248419975.0000,0.0000,0.0000,1563534861.0000,124054933.0000,882466480.0000,1977.0000,124192850.0000,126398274.0000,13762.0000,0.0000,0.0000,1541714150.0000,2056082.0000,1541714150.0000,126032750.0000,372950938.0000,523899489.0000,989459.0000,0.0000,0.0000,1565953637.0000,2399388.0000,186405.0000,97767.0000,1018590.0000,782976823.0000,745130.0000,0.0000,0.0000,1565771581.0000,246328.0000,36229.0000,300.0000,0.0000,0.0000,0.0000,0.0000,0.0000
1580876314.0000,110020.0000,1246.0000,1054815.0000,391464032.0000,5096.0000,260877108.0000,0.0000,0.0000,1553590860.0000,121880260.0000,905567103.0000,2271.0000,123412097.0000,128127121.0000,1599882.0000,0.0000,0.0000,1580373932.0000,2183719.0000,1580373932.0000,131386250.0000,387743613.0000,546142022.0000,1027855.0000,0.0000,0.0000,1539741947.0000,2363135.0000,170834.0000,96630.0000,909530.0000,769870992.0000,683008.0000,0.0000,0.0000,1465282281.0000,262258.0000,36898.0000,260.0000,0.0000,0.0000,0.0000,0.0000,0.0000
1587113190.0000,106237.0000,1232.0000,983115.0000,382813504.0000,4729.0000,255616723.0000,0.0000,0.0000,1563353731.0000,124863454.0000,888199221.0000,2018.0000,125011364.0000,127206701.0000,15135.0000,0.0000,0.0000,1564602745.0000,2373860.0000,1564602745.0000,127430384.0000,381634056.0000,535410193.0000,1276114.0000,0.0000,0.0000,1345654654.0000,2547019.0000,161440.0000,96691.0000,919456.0000,672827299.0000,647118.0000,0.0000,0.0000,1571718278.0000,227907.0000,36009.0000,297.0000,0.0000,0.0000,0.0000,0.0000,0.0000
1587666413.0000,108421.0000,1041.0000,990667.0000,383258711.0000,4179.0000,255906953.0000,0.0000,0.0000,1587350685.0000,126454913.0000,899491663.0000,2025.0000,126602455.0000,128820502.0000,14908.0000,0.0000,0.0000,1541874068.0000,2047960.0000,1541874068.0000,125492028.0000,371338359.0000,521648260.0000,1249260.0000,0.0000,0.0000,1529099858.0000,3220151.0000,190227.0000,98289.0000,1034941.0000,764549925.0000,763574.0000,0.0000,0.0000,1562974443.0000,240211.0000,36012.0000,317.0000,0.0000,0.0000,0.0000,0.0000,0.0000
1585998293.0000,115254.0000,1344.0000,1025343.0000,387334848.0000,5060.0000,260314260.0000,0.0000,0.0000,1561901505.0000,124623690.0000,886483881.0000,2181.0000,124764443.0000,126971211.0000,17769.0000,0.0000,0.0000,1562703225.0000,2079127.0000,1562703225.0000,127227584.0000,376461236.0000,528880345.0000,1242259.0000,0.0000,0.0000,1562168312.0000,3109581.0000,208357.0000,102177.0000,1206579.0000,781084128.0000,841368.0000,0.0000,0.0000,1562989931.0000,279880.0000,38633.0000,291.0000,0.0000,0.0000,0.0000,0.0000,0.0000
1563289679.0000,112506.0000,1405.0000,967165.0000,381571295.0000,4665.0000,252419103.0000,0.0000,0.0000,1515624902.0000,119654926.0000,886302588.0000,2252.0000,120766263.0000,124987929.0000,1551245.0000,0.0000,0.0000,1536081086.0000,2399485.0000,1536081086.0000,127179266.0000,379259906.0000,533756707.0000,1294902.0000,0.0000,0.0000,1534082577.0000,3128072.0000,202576.0000,112469.0000,1122032.0000,767041279.0000,814805.0000,0.0000,0.0000,1537739752.0000,260212.0000,36921.0000,290.0000,0.0000,0.0000,0.0000,0.0000,0.0000
1565104273.0000,111767.0000,1329.0000,974816.0000,378081358.0000,4764.0000,252461776.0000,0.0000,0.0000,1563680169.0000,125210690.0000,890674695.0000,1954.0000,125360718.0000,127559646.0000,13759.0000,0.0000,0.0000,1566388701.0000,2084896.0000,1566388701.0000,127846250.0000,378343020.0000,531454849.0000,1341647.0000,0.0000,0.0000,1566532976.0000,2444841.0000,169506.0000,98923.0000,885881.0000,783266483.0000,677734.0000,0.0000,0.0000,1565472423.0000,347813.0000,35402.0000,296.0000,0.0000,0.0000,0.0000,0.0000,0.0000
1563999994.0000,110052.0000,1195.0000,952156.0000,375435012.0000,5278.0000,250743417.0000,0.0000,0.0000,1563350678.0000,124846552.0000,888098178.0000,1974.0000,124995449.0000,127195643.0000,13758.0000,0.0000,0.0000,1566499477.0000,2080783.0000,1566499477.0000,127560556.0000,377489727.0000,530263184.0000,1395250.0000,0.0000,0.0000,1541501491.0000,2555865.0000,173658.0000,97026.0000,905634.0000,770750751.0000,694300.0000,0.0000,0.0000,1565312942.0000,272146.0000,35535.0000,305.0000,0.0000,0.0000,0.0000,0.0000,0.0000
1554831219.0000,109690.0000,1404.0000,889582.0000,384397894.0000,5200.0000,256188262.0000,0.0000,0.0000,1556360246.0000,122806916.0000,911655224.0000,2280.0000,124414875.0000,129181844.0000,1551576.0000,0.0000,0.0000,1562180260.0000,2431839.0000,1562180260.0000,129704581.0000,385613644.0000,542997481.0000,1344952.0000,0.0000,0.0000,1564723708.0000,2544494.0000,180637.0000,99671.0000,947406.0000,782361887.0000,722151.0000,0.0000,0.0000,1558538468.0000,374219.0000,36776.0000,293.0000,0.0000,0.0000,0.0000,0.0000,0.0000
1587063400.0000,105862.0000,1416.0000,872155.0000,383857900.0000,5263.0000,256310525.0000,0.0000,0.0000,1586914177.0000,127142605.0000,904373922.0000,2012.0000,127291119.0000,129517003.0000,14677.0000,0.0000,0.0000,1541129743.0000,2058499.0000,1541129743.0000,126150884.0000,373297840.0000,524391425.0000,1013490.0000,0.0000,0.0000,1564662281.0000,2215120.0000,181072.0000,107041.0000,972774.0000,782331134.0000,724906.0000,0.0000,0.0000,1542021729.0000,224409.0000,36009.0000,275.0000,0.0000,0.0000,0.0000,0.0000,0.0000
1562276781.0000,111570.0000,1751.0000,854850.0000,377850758.0000,4907.0000,252268295.0000,0.0000,0.0000,1585950532.0000,127255012.0000,905157935.0000,2099.0000,127400342.0000,129631321.0000,16053.0000,0.0000,0.0000,1539988928.0000,2058668.0000,1539988928.0000,126132607.0000,373242635.0000,524314423.0000,1017505.0000,0.0000,0.0000,1539914265.0000,2242646.0000,174073.0000,98800.0000,1051835.0000,769957126.0000,699832.0000,0.0000,0.0000,1565114267.0000,281939.0000,36404.0000,285.0000,0.0000,0.0000,0.0000,0.0000,0.0000
1583396611.0000,112946.0000,1295.0000,1118135.0000,390708549.0000,5265.0000,260382442.0000,0.0000,0.0000,1553861405.0000,122918345.0000,911022694.0000,2445.0000,124443804.0000,129105576.0000,1505589.0000,0.0000,0.0000,1540110831.0000,2060744.0000,1540110831.0000,126089507.0000,373073202.0000,524118501.0000,999460.0000,0.0000,0.0000,1538811534.0000,2242748.0000,185150.0000,101034.0000,1043285.0000,769405759.0000,751709.0000,0.0000,0.0000,1562923284.0000,372402.0000,38042.0000,308.0000,0.0000,0.0000,0.0000,0.0000,0.0000
1586492197.0000,110884.0000,1087.0000,1273824.0000,380938467.0000,4534.0000,254371152.0000,0.0000,0.0000,1564996759.0000,125856216.0000,895256346.0000,1930.0000,126006416.0000,128214166.0000,13759.0000,0.0000,0.0000,1534068510.0000,2376927.0000,1534068510.0000,126847759.0000,376729627.0000,530643764.0000,1380962.0000,0.0000,0.0000,1536377199.0000,2311740.0000,186250.0000,109754.0000,1003270.0000,768188601.0000,745697.0000,0.0000,0.0000,1457121077.0000,331289.0000,118751.0000,285.0000,0.0000,0.0000,0.0000,0.0000,0.0000
1588179063.0000,112414.0000,1307.0000,1217563.0000,382124806.0000,5332.0000,255156761.0000,0.0000,0.0000,1588786883.0000,127600778.0000,907631054.0000,1956.0000,127749314.0000,129982944.0000,13760.0000,0.0000,0.0000,1590679194.0000,2106722.0000,1590679194.0000,129158234.0000,382225140.0000,536905378.0000,1472108.0000,0.0000,0.0000,1540461627.0000,2467956.0000,185334.0000,96941.0000,1103812.0000,770230809.0000,740924.0000,0.0000,0.0000,1585908573.0000,274545.0000,35712.0000,293.0000,0.0000,0.0000,0.0000,0.0000,0.0000
1583843068.0000,110826.0000,1234.0000,1151536.0000,387949333.0000,4993.0000,258510283.0000,0.0000,0.0000,1557995429.0000,123546671.0000,916556046.0000,2256.0000,125251504.0000,130094290.0000,1502606.0000,0.0000,0.0000,1566188244.0000,2068235.0000,1566188244.0000,126697125.0000,374890534.0000,526641936.0000,1521885.0000,0.0000,0.0000,1540739665.0000,2536772.0000,189539.0000,97087.0000,1050954.0000,770369804.0000,757796.0000,0.0000,0.0000,1536030755.0000,282520.0000,36031.0000,299.0000,0.0000,0.0000,0.0000,0.0000,0.0000
1587965952.0000,108459.0000,1201.0000,915069.0000,383282468.0000,4525.0000,255925039.0000,0.0000,0.0000,1587789801.0000,127593031.0000,907567015.0000,2002.0000,127741230.0000,129973107.0000,14677.0000,0.0000,0.0000,1537103060.0000,2383579.0000,1537103060.0000,127141551.0000,378143321.0000,532418761.0000,1158707.0000,0.0000,0.0000,1539054168.0000,2341749.0000,188853.0000,110595.0000,1012232.0000,769527093.0000,754881.0000,0.0000,0.0000,1561304584.0000,286502.0000,38434.0000,267.0000,0.0000,0.0000,0.0000,0.0000,0.0000
1587336266.0000,108722.0000,1085.0000,909807.0000,383191415.0000,4340.0000,255852063.0000,0.0000,0.0000,1586615890.0000,127206036.0000,904814540.0000,2064.0000,127352462.0000,129581105.0000,15478.0000,0.0000,0.0000,1563228466.0000,2081663.0000,1563228466.0000,127446438.0000,377121657.0000,529783539.0000,1011509.0000,0.0000,0.0000,1539463033.0000,2074860.0000,166658.0000,99366.0000,1008362.0000,769731518.0000,669875.0000,0.0000,0.0000,1540317434.0000,289219.0000,37399.0000,279.0000,0.0000,0.0000,0.0000,0.0000,0.0000
1583244352.0000,113595.0000,1432.0000,1078257.0000,390466212.0000,5260.0000,260109640.0000,0.0000,0.0000,1533675983.0000,122612670.0000,882188029.0000,2228.0000,124082680.0000,127622480.0000,50671.0000,0.0000,0.0000,1537983646.0000,2046279.0000,1537983646.0000,125825656.0000,370806696.0000,521418311.0000,1005961.0000,0.0000,0.0000,1539401636.0000,2066895.0000,176497.0000,98251.0000,942094.0000,769700818.0000,712022.0000,0.0000,0.0000,1563896291.0000,368754.0000,36731.0000,284.0000,0.0000,0.0000,0.0000,0.0000,0.0000
1612912569.0000,104810.0000,899.0000,1205172.0000,387302481.0000,4269.0000,258626605.0000,0.0000,0.0000,1588260132.0000,126225132.0000,923302030.0000,2194.0000,126380208.0000,129629962.0000,1420838.0000,0.0000,0.0000,1561446537.0000,2409479.0000,1561446537.0000,128973470.0000,384255005.0000,540738656.0000,1044322.0000,0.0000,0.0000,1540178611.0000,2281627.0000,186266.0000,113446.0000,1141837.0000,770089293.0000,751111.0000,0.0000,0.0000,1556621956.0000,250895.0000,37139.0000,331.0000,0.0000,0.0000,0.0000,0.0000,0.0000
1564670632.0000,106419.0000,1373.0000,1222080.0000,377141878.0000,4548.0000,251836958.0000,0.0000,0.0000,1588958064.0000,127391737.0000,906148835.0000,1950.0000,127541046.0000,129770611.0000,13759.0000,0.0000,0.0000,1541602983.0000,2053418.0000,1541602983.0000,125886621.0000,372516345.0000,523284150.0000,1059877.0000,0.0000,0.0000,1564943262.0000,2712405.0000,185508.0000,99738.0000,1108957.0000,782471607.0000,741620.0000,0.0000,0.0000,1566487604.0000,236726.0000,35407.0000,292.0000,0.0000,0.0000,0.0000,0.0000,0.0000
1559150731.0000,110241.0000,1849.0000,1224880.0000,383446450.0000,5164.0000,255548443.0000,0.0000,0.0000,1562486472.0000,123786331.0000,911680662.0000,2276.0000,124551801.0000,128423649.0000,1454083.0000,0.0000,0.0000,1540385880.0000,2054219.0000,1540385880.0000,125914958.0000,372589261.0000,523398059.0000,1044517.0000,0.0000,0.0000,1541729270.0000,2591074.0000,187741.0000,96402.0000,1020734.0000,770864624.0000,750549.0000,0.0000,0.0000,1566250077.0000,357680.0000,35494.0000,280.0000,0.0000,0.0000,0.0000,0.0000,0.0000
1588300970.0000,106001.0000,1262.0000,1603655.0000,382489792.0000,4167.0000,255395177.0000,0.0000,0.0000,1589138342.0000,127054832.0000,903748068.0000,1996.0000,127203008.0000,129427812.0000,14794.0000,0.0000,0.0000,1531045255.0000,2369721.0000,1531045255.0000,126662612.0000,376762676.0000,530468972.0000,1456831.0000,0.0000,0.0000,1531760270.0000,2592044.0000,185129.0000,109995.0000,1112160.0000,765880110.0000,740203.0000,0.0000,0.0000,1558763101.0000,246472.0000,37053.0000,284.0000,0.0000,0.0000,0.0000,0.0000,0.0000
1561581387.0000,111756.0000,1175.0000,1560603.0000,375965031.0000,4544.0000,251008654.0000,0.0000,0.0000,1586234053.0000,126712371.0000,901305353.0000,2106.0000,126857125.0000,129081060.0000,16280.0000,0.0000,0.0000,1565747851.0000,2068547.0000,1565747851.0000,126771616.0000,375142375.0000,526981867.0000,1807735.0000,0.0000,0.0000,1539566036.0000,3353570.0000,167054.0000,98025.0000,1016848.0000,769783010.0000,671247.0000,0.0000,0.0000,1563479360.0000,362226.0000,36241.0000,322.0000,0.0000,0.0000,0.0000,0.0000,0.0000
1559566523.0000,113207.0000,1244.0000,1414855.0000,382930243.0000,5135.0000,255099353.0000,0.0000,0.0000,1581232441.0000,124969655.0000,920063605.0000,2404.0000,125889765.0000,129902086.0000,1408197.0000,0.0000,0.0000,1562490680.0000,2065050.0000,1562490680.0000,126416432.0000,374053422.0000,525487218.0000,1947295.0000,0.0000,0.0000,1563265330.0000,3270941.0000,188025.0000,100156.0000,1134313.0000,781632642.0000,758810.0000,0.0000,0.0000,1563091607.0000,373324.0000,38151.0000,316.0000,0.0000,0.0000,0.0000,0.0000,0.0000
1564097435.0000,111344.0000,1291.0000,1327086.0000,376265019.0000,4641.0000,251248428.0000,0.0000,0.0000,1589067185.0000,126658766.0000,900949680.0000,1948.0000,126808908.0000,129027515.0000,13761.0000,0.0000,0.0000,1585225392.0000,2423752.0000,1585225392.0000,131336570.0000,389416489.0000,548478443.0000,1562743.0000,0.0000,0.0000,1558435597.0000,3055454.0000,186645.0000,115917.0000,1024651.0000,779217790.0000,752208.0000,0.0000,0.0000,1534925740.0000,250283.0000,37045.0000,290.0000,0.0000,0.0000,0.0000,0.0000,0.0000
1582557050.0000,110258.0000,1642.0000,1335324.0000,380113162.0000,5865.0000,254112823.0000,0.0000,0.0000,1587710340.0000,126952071.0000,903035730.0000,1944.0000,127101332.0000,129328647.0000,13760.0000,0.0000,0.0000,1565212599.0000,2083211.0000,1565212599.0000,127752383.0000,378063859.0000,531062331.0000,1229899.0000,0.0000,0.0000,1543098118.0000,2619453.0000,183592.0000,96947.0000,998473.0000,771549018.0000,733992.0000,0.0000,0.0000,1542295372.0000,336791.0000,35394.0000,292.0000,0.0000,0.0000,0.0000,0.0000,0.0000
1560178516.0000,111421.0000,1265.0000,1016918.0000,384293661.0000,5098.0000,256078973.0000,0.0000,0.0000,1563282883.0000,123699522.0000,914714523.0000,2267.0000,125231401.0000,129828350.0000,1406016.0000,0.0000,0.0000,1564943182.0000,2085813.0000,1564943182.0000,127856655.0000,378354967.0000,531483397.0000,1198802.0000,0.0000,0.0000,1562966251.0000,2586245.0000,195863.0000,97955.0000,1020864.0000,781483128.0000,783174.0000,0.0000,0.0000,1566183748.0000,293103.0000,35449.0000,274.0000,0.0000,0.0000,0.0000,0.0000,0.0000
1587382124.0000,108420.0000,1086.0000,877525.0000,383366428.0000,4244.0000,255978272.0000,0.0000,0.0000,1562914580.0000,125238071.0000,890854686.0000,2025.0000,125385578.0000,127586297.0000,15365.0000,0.0000,0.0000,1492391570.0000,2312913.0000,1492391570.0000,123349692.0000,368048494.0000,517899170.0000,983273.0000,0.0000,0.0000,1532793394.0000,2361199.0000,183893.0000,107395.0000,1103063.0000,766396709.0000,736438.0000,0.0000,0.0000,1412116574.0000,347545.0000,37476.0000,253.0000,0.0000,0.0000,0.0000,0.0000,0.0000
1585687729.0000,114765.0000,1607.0000,874024.0000,384238737.0000,5171.0000,256534088.0000,0.0000,0.0000,1585580015.0000,127193273.0000,904717229.0000,2200.0000,127334862.0000,129575330.0000,17653.0000,0.0000,0.0000,1560713434.0000,2079559.0000,1560713434.0000,127390531.0000,376972980.0000,529559360.0000,1010916.0000,0.0000,0.0000,1563326584.0000,2221804.0000,182015.0000,99406.0000,993428.0000,781663271.0000,731035.0000,0.0000,0.0000,1573508776.0000,254573.0000,36313.0000,298.0000,0.0000,0.0000,0.0000,0.0000,0.0000
1510348619.0000,112717.0000,1207.0000,1010902.0000,371586519.0000,4979.0000,248045217.0000,0.0000,0.0000,1485813163.0000,117627025.0000,871509804.0000,2210.0000,119296854.0000,123909065.0000,1357042.0000,0.0000,0.0000,1589241272.0000,2346648.0000,1589241272.0000,131654008.0000,390840557.0000,550134040.0000,1237113.0000,0.0000,0.0000,1513458803.0000,2182618.0000,173561.0000,100911.0000,995757.0000,756729390.0000,703625.0000,0.0000,0.0000,1506435090.0000,313486.0000,38875.0000,259.0000,0.0000,0.0000,0.0000,0.0000,0.0000
1582195803.0000,111049.0000,1137.0000,923356.0000,380049297.0000,4878.0000,253972015.0000,0.0000,0.0000,1591749511.0000,127428662.0000,906414077.0000,1951.0000,127577972.0000,129809611.0000,13767.0000,0.0000,0.0000,1565756874.0000,2164657.0000,1565756874.0000,128231329.0000,379048102.0000,532744051.0000,1128147.0000,0.0000,0.0000,1533975415.0000,2494747.0000,193529.0000,109684.0000,1140397.0000,766987703.0000,775202.0000,0.0000,0.0000,1541972191.0000,282328.0000,36500.0000,288.0000,0.0000,0.0000,0.0000,0.0000,0.0000
1584979011.0000,110583.0000,1538.0000,995901.0000,388387922.0000,5335.0000,258953266.0000,0.0000,0.0000,1585134971.0000,125471661.0000,926870842.0000,2254.0000,127089596.0000,131764382.0000,1357148.0000,0.0000,0.0000,1567396178.0000,2086693.0000,1567396178.0000,127943133.0000,378616163.0000,531841430.0000,1112196.0000,0.0000,0.0000,1589417267.0000,2649756.0000,197429.0000,100676.0000,1138882.0000,794708634.0000,789235.0000,0.0000,0.0000,1542181382.0000,249624.0000,35525.0000,265.0000,0.0000,0.0000,0.0000,0.0000,0.0000
1587152084.0000,106579.0000,1480.0000,1170335.0000,382178253.0000,4193.0000,255188277.0000,0.0000,0.0000,1610272976.0000,129200773.0000,918971755.0000,2028.0000,129348618.0000,131602565.0000,15019.0000,0.0000,0.0000,1560640130.0000,2386973.0000,1560640130.0000,129436304.0000,384750808.0000,541545269.0000,1101966.0000,0.0000,0.0000,1585878972.0000,2502217.0000,190117.0000,110888.0000,1055830.0000,792939485.0000,760070.0000,0.0000,0.0000,1532087857.0000,367324.0000,37032.0000,315.0000,0.0000,0.0000,0.0000,0.0000,0.0000
1586782294.0000,114014.0000,1421.0000,1142918.0000,383441281.0000,5048.0000,256000121.0000,0.0000,0.0000,1572277063.0000,125934944.0000,895784233.0000,2192.0000,126075881.0000,128298443.0000,17883.0000,0.0000,0.0000,1564171560.0000,2087677.0000,1564171560.0000,127939075.0000,378607591.0000,531834335.0000,1125327.0000,0.0000,0.0000,1587609656.0000,2106037.0000,185246.0000,101834.0000,977943.0000,793804790.0000,744358.0000,0.0000,0.0000,1539444114.0000,248175.0000,36230.0000,320.0000,0.0000,0.0000,0.0000,0.0000,0.0000
1403513757.0000,111192.0000,1352.0000,1165686.0000,344563787.0000,4485.0000,229875176.0000,0.0000,0.0000,1572637679.0000,124666936.0000,918803265.0000,2264.0000,126050634.0000,130437838.0000,1308741.0000,0.0000,0.0000,1563870977.0000,2090587.0000,1563870977.0000,128121043.0000,378858310.0000,532303255.0000,1067741.0000,0.0000,0.0000,1563179811.0000,2118750.0000,184620.0000,102524.0000,1016387.0000,781589894.0000,748572.0000,0.0000,0.0000,1540990018.0000,263307.0000,38129.0000,263.0000,0.0000,0.0000,0.0000,0.0000,0.0000
1598937371.0000,110476.0000,1391.0000,1396828.0000,384185987.0000,5354.0000,256771136.0000,0.0000,0.0000,1588684140.0000,127321105.0000,905652136.0000,1984.0000,127469770.0000,129702346.0000,13760.0000,0.0000,0.0000,1345039567.0000,2083889.0000,1345039567.0000,113381280.0000,330416600.0000,467570812.0000,1482697.0000,0.0000,0.0000,1537831838.0000,2415410.0000,189292.0000,109920.0000,1128569.0000,768915906.0000,757929.0000,0.0000,0.0000,1432278773.0000,281507.0000,118411.0000,267.0000,0.0000,0.0000,0.0000,0.0000,0.0000
1578764150.0000,112561.0000,1556.0000,1345833.0000,385296567.0000,5249.0000,257016760.0000,0.0000,0.0000,1535573290.0000,121588958.0000,895952727.0000,2289.0000,122802831.0000,126983787.0000,1308969.0000,0.0000,0.0000,1542397303.0000,2047487.0000,1542397303.0000,125418929.0000,371114815.0000,521339612.0000,1481107.0000,0.0000,0.0000,1564142305.0000,2729157.0000,189906.0000,98422.0000,1120775.0000,782071114.0000,759362.0000,0.0000,0.0000,1555309104.0000,265054.0000,35528.0000,292.0000,0.0000,0.0000,0.0000,0.0000,0.0000
1610095909.0000,107697.0000,1067.0000,1164735.0000,388311082.0000,4128.0000,259275835.0000,0.0000,0.0000,1587917648.0000,126298173.0000,898372728.0000,2041.0000,126444593.0000,128660591.0000,15477.0000,0.0000,0.0000,1530940025.0000,2327182.0000,1530940025.0000,126565404.0000,375021801.0000,528261738.0000,1397086.0000,0.0000,0.0000,1557404615.0000,2824773.0000,187089.0000,109809.0000,1040237.0000,778702301.0000,749224.0000,0.0000,0.0000,1561877997.0000,391091.0000,37501.0000,321.0000,0.0000,0.0000,0.0000,0.0000,0.0000
1579902308.0000,114220.0000,1370.0000,1230459.0000,388469551.0000,5210.0000,258993764.0000,0.0000,0.0000,1532842962.0000,121660422.0000,890308218.0000,2166.0000,123182565.0000,126867752.0000,121038.0000,0.0000,0.0000,1540333997.0000,2044158.0000,1540333997.0000,125202121.0000,370470860.0000,520440030.0000,1321224.0000,0.0000,0.0000,1563084660.0000,3557416.0000,188965.0000,99106.0000,1120994.0000,781542326.0000,758590.0000,0.0000,0.0000,1564640291.0000,279594.0000,36505.0000,281.0000,0.0000,0.0000,0.0000,0.0000,0.0000
1537430634.0000,111215.0000,1230.0000,978389.0000,371097755.0000,4468.0000,247796787.0000,0.0000,0.0000,1565625334.0000,124891743.0000,895855259.0000,2193.0000,125103171.0000,128142270.0000,1156036.0000,0.0000,0.0000,1555790489.0000,2352254.0000,1555790489.0000,129113091.0000,382420631.0000,538619238.0000,1354586.0000,0.0000,0.0000,1563045058.0000,3539420.0000,176005.0000,105286.0000,1017936.0000,781522519.0000,713976.0000,0.0000,0.0000,1535943842.0000,369782.0000,37944.0000,305.0000,0.0000,0.0000,0.0000,0.0000,0.0000
1561492815.0000,111414.0000,1376.0000,994235.0000,376171927.0000,5465.0000,251381835.0000,0.0000,0.0000,1586830857.0000,127257141.0000,905206565.0000,1960.0000,127405358.0000,129642620.0000,13761.0000,0.0000,0.0000,1565600966.0000,2078522.0000,1565600966.0000,128207371.0000,376868994.0000,530234709.0000,1200789.0000,0.0000,0.0000,1585262875.0000,2717416.0000,215648.0000,109998.0000,1118528.0000,792631432.0000,862073.0000,0.0000,0.0000,1566823627.0000,371662.0000,36794.0000,291.0000,0.0000,0.0000,0.0000,0.0000,0.0000
1464677459.0000,111304.0000,1229.0000,958655.0000,360008450.0000,4903.0000,240262492.0000,0.0000,0.0000,1405600462.0000,111091660.0000,829193672.0000,2252.0000,113749973.0000,119193200.0000,1260905.0000,0.0000,0.0000,1516718267.0000,2005867.0000,1516718267.0000,123405900.0000,363616684.0000,511322557.0000,1145163.0000,0.0000,0.0000,1350675559.0000,2287425.0000,176948.0000,87645.0000,923543.0000,675337789.0000,707356.0000,0.0000,0.0000,1535940548.0000,272517.0000,35853.0000,304.0000,0.0000,0.0000,0.0000,0.0000,0.0000
1588708771.0000,113516.0000,1583.0000,891285.0000,381884904.0000,4910.0000,254946594.0000,0.0000,0.0000,1576474574.0000,126742293.0000,901511091.0000,2171.0000,126884411.0000,129114520.0000,17654.0000,0.0000,0.0000,1534637659.0000,2330260.0000,1534637659.0000,127369944.0000,377171203.0000,531308690.0000,1164567.0000,0.0000,0.0000,1557987910.0000,2352284.0000,201176.0000,110595.0000,1174006.0000,778993967.0000,806642.0000,0.0000,0.0000,1516968441.0000,351971.0000,37331.0000,282.0000,0.0000,0.0000,0.0000,0.0000,0.0000
1585099153.0000,109078.0000,1484.0000,1363242.0000,387945951.0000,5036.0000,258709698.0000,0.0000,0.0000,1583343003.0000,125697408.0000,921307020.0000,2335.0000,126590502.0000,130439636.0000,1211921.0000,0.0000,0.0000,1534908999.0000,2039462.0000,1534908999.0000,126655686.0000,370312343.0000,521671415.0000,1162111.0000,0.0000,0.0000,1585677046.0000,2155813.0000,187623.0000,103694.0000,1064160.0000,792838514.0000,760469.0000,0.0000,0.0000,1562476292.0000,382436.0000,38046.0000,294.0000,0.0000,0.0000,0.0000,0.0000,0.0000
1564852707.0000,108933.0000,1175.0000,1521192.0000,376664552.0000,4534.0000,251519421.0000,0.0000,0.0000,1584163614.0000,126874050.0000,904948189.0000,1982.0000,127428013.0000,130079535.0000,13758.0000,0.0000,0.0000,1535087423.0000,2317859.0000,1535087423.0000,127026222.0000,377037956.0000,530738198.0000,1121795.0000,0.0000,0.0000,1535704922.0000,2203634.0000,188928.0000,106342.0000,1120593.0000,767852420.0000,756541.0000,0.0000,0.0000,1589035825.0000,368650.0000,37026.0000,299.0000,0.0000,0.0000,0.0000,0.0000,0.0000
1561442965.0000,109873.0000,1983.0000,1067884.0000,384336692.0000,4784.0000,256226864.0000,0.0000,0.0000,1585132443.0000,125746961.0000,922117647.0000,2289.0000,126718168.0000,130641281.0000,1212379.0000,0.0000,0.0000,1613168376.0000,2152524.0000,1613168376.0000,132068459.0000,390882517.0000,549018776.0000,1103263.0000,0.0000,0.0000,1563300858.0000,2389687.0000,178840.0000,97320.0000,1062852.0000,781650426.0000,714919.0000,0.0000,0.0000,1541675647.0000,222516.0000,35405.0000,290.0000,0.0000,0.0000,0.0000,0.0000,0.0000
1585101013.0000,111977.0000,1642.0000,871030.0000,384294370.0000,4715.0000,256572224.0000,0.0000,0.0000,1584734342.0000,127196096.0000,904736060.0000,2188.0000,127338603.0000,129576134.0000,17430.0000,0.0000,0.0000,1560353706.0000,2358308.0000,1560353706.0000,129417762.0000,384509774.0000,541105160.0000,1096018.0000,0.0000,0.0000,1558156066.0000,2557271.0000,185804.0000,108310.0000,990278.0000,779078014.0000,743996.0000,0.0000,0.0000,1538681793.0000,375588.0000,37311.0000,299.0000,0.0000,0.0000,0.0000,0.0000,0.0000
1562200093.0000,110232.0000,1416.0000,984971.0000,384322392.0000,5030.0000,256326571.0000,0.0000,0.0000,1586914145.0000,125725118.0000,923934659.0000,2270.0000,127181832.0000,131552897.0000,1163396.0000,0.0000,0.0000,1586226376.0000,2119278.0000,1586226376.0000,129789884.0000,384083217.0000,539542130.0000,1108070.0000,0.0000,0.0000,1538986996.0000,2118651.0000,178150.0000,100832.0000,1094117.0000,769493481.0000,722802.0000,0.0000,0.0000,1564106824.0000,396279.0000,37954.0000,294.0000,0.0000,0.0000,0.0000,0.0000,0.0000
1588676185.0000,109008.0000,1188.0000,1074539.0000,384330347.0000,4601.0000,256640636.0000,0.0000,0.0000,1586726954.0000,127004311.0000,903411927.0000,1974.0000,127152436.0000,129385929.0000,13762.0000,0.0000,0.0000,1561634879.0000,2339837.0000,1561634879.0000,129575142.0000,383065649.0000,539644114.0000,1275651.0000,0.0000,0.0000,1559961457.0000,2623565.0000,184226.0000,107956.0000,985250.0000,779980722.0000,738019.0000,0.0000,0.0000,1533834361.0000,273160.0000,36979.0000,289.0000,0.0000,0.0000,0.0000,0.0000,0.0000
1462556866.0000,110740.0000,1151.0000,994755.0000,360267714.0000,4379.0000,240300558.0000,0.0000,0.0000,1486546277.0000,117077368.0000,864592573.0000,2308.0000,118870654.0000,123461139.0000,1164428.0000,0.0000,0.0000,1565041767.0000,2086679.0000,1565041767.0000,127885790.0000,378439851.0000,531602551.0000,1198185.0000,0.0000,0.0000,1564580114.0000,3106526.0000,187156.0000,97573.0000,985034.0000,782290035.0000,748197.0000,0.0000,0.0000,1565605386.0000,268685.0000,35509.0000,296.0000,0.0000,0.0000,0.0000,0.0000,0.0000
1587233199.0000,112144.0000,1436.0000,1078974.0000,383923767.0000,4657.0000,256332214.0000,0.0000,0.0000,1563330599.0000,124777707.0000,887584813.0000,2138.0000,124920411.0000,127127846.0000,17081.0000,0.0000,0.0000,1551394848.0000,2324598.0000,1551394848.0000,128918546.0000,380130857.0000,535880654.0000,1281494.0000,0.0000,0.0000,1554061050.0000,3006974.0000,202590.0000,110482.0000,1078483.0000,777030535.0000,815966.0000,0.0000,0.0000,1555281115.0000,281462.0000,37291.0000,318.0000,0.0000,0.0000,0.0000,0.0000,0.0000
1516096687.0000,110689.0000,1242.0000,1238936.0000,370348797.0000,4875.0000,247193979.0000,0.0000,0.0000,1514119689.0000,119400871.0000,881797403.0000,2245.0000,121467558.0000,126333164.0000,1114420.0000,0.0000,0.0000,1569746004.0000,2089221.0000,1569746004.0000,127958506.0000,378634183.0000,531901482.0000,1315767.0000,0.0000,0.0000,1561936249.0000,2609802.0000,188848.0000,100548.0000,1055300.0000,780968092.0000,760530.0000,0.0000,0.0000,1539195845.0000,269634.0000,37987.0000,300.0000,0.0000,0.0000,0.0000,0.0000,0.0000
1557370325.0000,111427.0000,1628.0000,1292661.0000,379023269.0000,5011.0000,252975368.0000,0.0000,0.0000,1558870011.0000,122676355.0000,904433970.0000,2265.0000,124639646.0000,129456728.0000,1114760.0000,0.0000,0.0000,1564841981.0000,2336358.0000,1564841981.0000,130091598.0000,384302034.0000,541468669.0000,1119845.0000,0.0000,0.0000,1536846419.0000,2618525.0000,192697.0000,107605.0000,1031065.0000,768423217.0000,771693.0000,0.0000,0.0000,1518496541.0000,216092.0000,36789.0000,297.0000,0.0000,0.0000,0.0000,0.0000,0.0000
1397879477.0000,109650.0000,1240.0000,839197.0000,338366223.0000,3974.0000,225887776.0000,0.0000,0.0000,1587046439.0000,127481010.0000,906755024.0000,2155.0000,127623702.0000,129862479.0000,17316.0000,0.0000,0.0000,1558214787.0000,2319494.0000,1558214787.0000,129111742.0000,381547939.0000,537444854.0000,1082672.0000,0.0000,0.0000,1588739042.0000,2711540.0000,187150.0000,102470.0000,1098583.0000,794369521.0000,748250.0000,0.0000,0.0000,1551415653.0000,272545.0000,36872.0000,292.0000,0.0000,0.0000,0.0000,0.0000,0.0000
1586367270.0000,110775.0000,1208.0000,996624.0000,389845134.0000,4804.0000,259935207.0000,0.0000,0.0000,1581613627.0000,125455820.0000,920111569.0000,2288.0000,126906354.0000,131199624.0000,1066582.0000,0.0000,0.0000,1539004887.0000,2058771.0000,1539004887.0000,125985128.0000,372774829.0000,523697400.0000,1020381.0000,0.0000,0.0000,1347695311.0000,1917443.0000,168197.0000,91690.0000,920596.0000,673847664.0000,675508.0000,0.0000,0.0000,1586649901.0000,302867.0000,38073.0000,322.0000,0.0000,0.0000,0.0000,0.0000,0.0000
1563054732.0000,109415.0000,1122.0000,1168575.0000,377799808.0000,4503.0000,252277163.0000,0.0000,0.0000,1589157371.0000,127397112.0000,906202367.0000,1923.0000,127545538.0000,129785318.0000,13761.0000,0.0000,0.0000,1557952192.0000,2321105.0000,1557952192.0000,129495281.0000,382814680.0000,539261747.0000,1168766.0000,0.0000,0.0000,1532012710.0000,2328221.0000,213352.0000,107677.0000,1147819.0000,766006331.0000,862195.0000,0.0000,0.0000,1559676937.0000,275486.0000,36981.0000,291.0000,0.0000,0.0000,0.0000,0.0000,0.0000
1460151985.0000,111411.0000,1237.0000,876322.0000,359428160.0000,4552.0000,239937234.0000,0.0000,0.0000,1488466275.0000,118071545.0000,872199562.0000,2442.0000,120266656.0000,125216850.0000,1069555.0000,0.0000,0.0000,1589345758.0000,2116003.0000,1589345758.0000,129751346.0000,383983153.0000,539371676.0000,1400658.0000,0.0000,0.0000,1565777899.0000,3222581.0000,179164.0000,98979.0000,936005.0000,782888926.0000,716282.0000,0.0000,0.0000,1565305061.0000,227287.0000,35465.0000,295.0000,0.0000,0.0000,0.0000,0.0000,0.0000
1550637802.0000,111908.0000,1234.0000,914378.0000,381116637.0000,4979.0000,254285079.0000,0.0000,0.0000,1579713604.0000,124925538.0000,917312888.0000,2295.0000,126688623.0000,131266472.0000,1018053.0000,0.0000,0.0000,1513553428.0000,2245917.0000,1513553428.0000,125881232.0000,369433811.0000,521280034.0000,1098165.0000,0.0000,0.0000,1559417599.0000,2526073.0000,182493.0000,106366.0000,1005234.0000,779708815.0000,730999.0000,0.0000,0.0000,1583805811.0000,285009.0000,38664.0000,290.0000,0.0000,0.0000,0.0000,0.0000,0.0000
1565863857.0000,110013.0000,1414.0000,924166.0000,379479175.0000,4814.0000,253400306.0000,0.0000,0.0000,1588078509.0000,126772020.0000,901759747.0000,1939.0000,126916118.0000,129153295.0000,13760.0000,0.0000,0.0000,1557327287.0000,2292570.0000,1557327287.0000,128279629.0000,379651110.0000,534584573.0000,1258612.0000,0.0000,0.0000,1540174003.0000,2187364.0000,172670.0000,101618.0000,980255.0000,770086984.0000,700270.0000,0.0000,0.0000,1558059221.0000,255572.0000,37660.0000,299.0000,0.0000,0.0000,0.0000,0.0000,0.0000
1576922790.0000,114445.0000,1379.0000,1171575.0000,383994106.0000,4804.0000,256634165.0000,0.0000,0.0000,1612082022.0000,127079348.0000,931694082.0000,2422.0000,128695824.0000,133152144.0000,1020922.0000,0.0000,0.0000,1566125993.0000,2083427.0000,1566125993.0000,127720840.0000,377947254.0000,530912042.0000,1363636.0000,0.0000,0.0000,1486717605.0000,2342220.0000,223086.0000,101870.0000,1153250.0000,743358821.0000,891857.0000,0.0000,0.0000,1542712783.0000,335913.0000,35421.0000,282.0000,0.0000,0.0000,0.0000,0.0000,0.0000
1583319418.0000,113865.0000,1213.0000,1172675.0000,385730187.0000,4857.0000,257432662.0000,0.0000,0.0000,1560371984.0000,123460056.0000,904869201.0000,2295.0000,125042586.0000,129371964.0000,969420.0000,0.0000,0.0000,1348056737.0000,2024477.0000,1348056737.0000,112958767.0000,329725272.0000,466047476.0000,1411351.0000,0.0000,0.0000,1560426774.0000,2889896.0000,210649.0000,108968.0000,1137693.0000,780213348.0000,845440.0000,0.0000,0.0000,1400622200.0000,290328.0000,38676.0000,266.0000,0.0000,0.0000,0.0000,0.0000,0.0000
1585945940.0000,111830.0000,1421.0000,1126411.0000,388914704.0000,5168.0000,259586216.0000,0.0000,0.0000,1587220551.0000,126113029.0000,921729389.0000,2272.0000,127368153.0000,131407359.0000,969528.0000,0.0000,0.0000,1559147371.0000,2276044.0000,1559147371.0000,128985500.0000,379086206.0000,534527788.0000,1508855.0000,0.0000,0.0000,1604569512.0000,2904205.0000,191696.0000,110579.0000,1050354.0000,802284742.0000,774045.0000,0.0000,0.0000,1551574930.0000,376628.0000,37647.0000,307.0000,0.0000,0.0000,0.0000,0.0000,0.0000
1585842905.0000,114453.0000,1373.0000,950955.0000,384355945.0000,4953.0000,256612777.0000,0.0000,0.0000,1556110629.0000,123863017.0000,907277929.0000,2421.0000,125525739.0000,129915775.0000,923526.0000,0.0000,0.0000,1556667548.0000,2285355.0000,1556667548.0000,129760060.0000,381304570.0000,537646117.0000,1275165.0000,0.0000,0.0000,1588721541.0000,2727759.0000,180102.0000,101150.0000,948164.0000,794360769.0000,720042.0000,0.0000,0.0000,1589772144.0000,323039.0000,37100.0000,285.0000,0.0000,0.0000,0.0000,0.0000,0.0000
1634026598.0000,111915.0000,1391.0000,1211251.0000,399018420.0000,5547.0000,266435102.0000,0.0000,0.0000,1590945467.0000,127809158.0000,909123694.0000,1923.0000,127957149.0000,130202832.0000,13759.0000,0.0000,0.0000,1586383296.0000,2115142.0000,1586383296.0000,129541127.0000,383335444.0000,538497295.0000,1420724.0000,0.0000,0.0000,1458963003.0000,2023428.0000,209386.0000,101177.0000,1108264.0000,729481472.0000,845385.0000,0.0000,0.0000,1586448153.0000,329523.0000,37945.0000,312.0000,0.0000,0.0000,0.0000,0.0000,0.0000
1512644529.0000,115251.0000,1330.0000,898584.0000,370756476.0000,4958.0000,247591643.0000,0.0000,0.0000,1382240965.0000,109422281.0000,808734741.0000,2354.0000,111738300.0000,116582387.0000,923415.0000,0.0000,0.0000,1435327050.0000,2107812.0000,1435327050.0000,120309429.0000,349745507.0000,494524486.0000,1238907.0000,0.0000,0.0000,1559006283.0000,2407075.0000,207629.0000,107830.0000,1213668.0000,779503148.0000,832220.0000,0.0000,0.0000,1478580498.0000,258243.0000,36661.0000,287.0000,0.0000,0.0000,0.0000,0.0000,0.0000
1585522223.0000,112961.0000,1234.0000,1180619.0000,386858126.0000,5311.0000,258219209.0000,0.0000,0.0000,1563478825.0000,123882841.0000,907812416.0000,2280.0000,125765708.0000,130342005.0000,872368.0000,0.0000,0.0000,1549662759.0000,2264899.0000,1549662759.0000,128240113.0000,378079479.0000,532672148.0000,1275942.0000,0.0000,0.0000,1518157159.0000,2550054.0000,180003.0000,106333.0000,957691.0000,759078558.0000,721390.0000,0.0000,0.0000,1572468750.0000,296134.0000,38863.0000,295.0000,0.0000,0.0000,0.0000,0.0000,0.0000
1577780438.0000,113960.0000,1507.0000,1505265.0000,384566351.0000,5024.0000,256643100.0000,0.0000,0.0000,1581560846.0000,125050769.0000,913921221.0000,2415.0000,126572769.0000,130802744.0000,874777.0000,0.0000,0.0000,1584631891.0000,2301533.0000,1584631891.0000,131221789.0000,387195899.0000,545279785.0000,1242144.0000,0.0000,0.0000,1559108275.0000,2182201.0000,201626.0000,108972.0000,1087732.0000,779554138.0000,813910.0000,0.0000,0.0000,1561111202.0000,367562.0000,37355.0000,318.0000,0.0000,0.0000,0.0000,0.0000,0.0000
1581321088.0000,111433.0000,1234.0000,1333355.0000,385636211.0000,5093.0000,257510534.0000,0.0000,0.0000,1562185910.0000,123205599.0000,897421220.0000,2223.0000,124316656.0000,128067594.0000,823731.0000,0.0000,0.0000,1538215453.0000,2245659.0000,1538215453.0000,127743454.0000,376213018.0000,530136173.0000,1229125.0000,0.0000,0.0000,1585506149.0000,2252276.0000,181721.0000,106376.0000,1000318.0000,792753051.0000,731488.0000,0.0000,0.0000,1560277321.0000,288826.0000,38348.0000,296.0000,0.0000,0.0000,0.0000,0.0000,0.0000
1608361179.0000,114672.0000,1233.0000,1004862.0000,392977635.0000,5122.0000,262421778.0000,0.0000,0.0000,1582254682.0000,125779151.0000,915361179.0000,2388.0000,126836327.0000,130575695.0000,826362.0000,0.0000,0.0000,1562533873.0000,2261329.0000,1562533873.0000,128499061.0000,380786707.0000,535704866.0000,1349790.0000,0.0000,0.0000,1564264670.0000,2606248.0000,192827.0000,106990.0000,1048652.0000,782132347.0000,774887.0000,0.0000,0.0000,1584822327.0000,289321.0000,37225.0000,275.0000,0.0000,0.0000,0.0000,0.0000,0.0000
1504349641.0000,110996.0000,1727.0000,1111250.0000,367086317.0000,4910.0000,245175439.0000,0.0000,0.0000,1513235893.0000,120023022.0000,882252758.0000,2180.0000,122527105.0000,127588832.0000,774865.0000,0.0000,0.0000,1562004646.0000,2262232.0000,1562004646.0000,129125148.0000,381355364.0000,536911381.0000,1203666.0000,0.0000,0.0000,1607963156.0000,2516299.0000,182749.0000,110612.0000,1021832.0000,803981567.0000,736528.0000,0.0000,0.0000,1561602054.0000,370199.0000,38095.0000,291.0000,0.0000,0.0000,0.0000,0.0000,0.0000
1489675472.0000,115465.0000,1356.0000,925902.0000,368659654.0000,5157.0000,246304145.0000,0.0000,0.0000,1486707182.0000,117122181.0000,881558584.0000,2522.0000,120725591.0000,127379829.0000,1490189.0000,0.0000,0.0000,1539040369.0000,2219897.0000,1539040369.0000,128439797.0000,375895112.0000,530321409.0000,1153791.0000,0.0000,0.0000,1584613924.0000,2331876.0000,186116.0000,106701.0000,990238.0000,792306976.0000,746530.0000,0.0000,0.0000,1449616442.0000,252062.0000,37075.0000,260.0000,0.0000,0.0000,0.0000,0.0000,0.0000
1556748771.0000,113173.0000,1788.0000,1503881.0000,378839759.0000,5831.0000,252913850.0000,0.0000,0.0000,1559492705.0000,123947985.0000,902511481.0000,2287.0000,125342736.0000,129320970.0000,728634.0000,0.0000,0.0000,1563118002.0000,2254353.0000,1563118002.0000,130516460.0000,382188229.0000,539153400.0000,1154791.0000,0.0000,0.0000,1553942274.0000,2595852.0000,177354.0000,105189.0000,971998.0000,776971111.0000,715909.0000,0.0000,0.0000,1572495227.0000,294147.0000,38418.0000,297.0000,0.0000,0.0000,0.0000,0.0000,0.0000
1528063033.0000,114816.0000,1481.0000,1126995.0000,376521187.0000,4816.0000,251656923.0000,0.0000,0.0000,1550631347.0000,122376990.0000,910750791.0000,2367.0000,125103353.0000,130837398.0000,1342675.0000,0.0000,0.0000,1357586134.0000,2126004.0000,1357586134.0000,117531182.0000,335528879.0000,477188274.0000,1175987.0000,0.0000,0.0000,1549639607.0000,3148788.0000,183647.0000,108014.0000,1107820.0000,774819778.0000,735807.0000,0.0000,0.0000,1431559723.0000,261493.0000,38183.0000,258.0000,0.0000,0.0000,0.0000,0.0000,0.0000
1636275519.0000,113404.0000,1368.0000,925992.0000,399875818.0000,4981.0000,266894939.0000,0.0000,0.0000,1587063378.0000,126171419.0000,915100264.0000,2169.0000,127350858.0000,131063899.0000,631009.0000,0.0000,0.0000,1560875415.0000,2218865.0000,1560875415.0000,129066880.0000,379239103.0000,534392665.0000,1566579.0000,0.0000,0.0000,1566301589.0000,3073431.0000,186713.0000,107408.0000,1010678.0000,783150781.0000,752738.0000,0.0000,0.0000,1413344365.0000,242669.0000,37082.0000,251.0000,0.0000,0.0000,0.0000,0.0000,0.0000
1299722077.0000,112940.0000,1838.0000,763322.0000,321338780.0000,4400.0000,215126744.0000,0.0000,0.0000,1550225052.0000,121912238.0000,920776932.0000,2335.0000,126087236.0000,133263940.0000,1318800.0000,0.0000,0.0000,1492355035.0000,2274724.0000,1492355035.0000,126813342.0000,367561807.0000,520376477.0000,1136550.0000,0.0000,0.0000,1575354335.0000,2233206.0000,190161.0000,113845.0000,1057274.0000,787677153.0000,766730.0000,0.0000,0.0000,1533420732.0000,295725.0000,38432.0000,292.0000,0.0000,0.0000,0.0000,0.0000,0.0000
1442252072.0000,114530.0000,1510.0000,1037821.0000,354548876.0000,4804.0000,237768826.0000,0.0000,0.0000,1561402228.0000,122674865.0000,912278062.0000,2472.0000,125745552.0000,131916821.0000,1500393.0000,0.0000,0.0000,1519103091.0000,2286659.0000,1519103091.0000,128247451.0000,373796923.0000,528305557.0000,1142303.0000,0.0000,0.0000,1605533166.0000,2179167.0000,187890.0000,110356.0000,1038614.0000,802766592.0000,757255.0000,0.0000,0.0000,1560041527.0000,322182.0000,38232.0000,293.0000,0.0000,0.0000,0.0000,0.0000,0.0000
1538799726.0000,116311.0000,1387.0000,1031359.0000,380347936.0000,4770.0000,254315011.0000,0.0000,0.0000,1584220453.0000,123749367.0000,949397755.0000,2275.0000,130815787.0000,140956135.0000,1412712.0000,0.0000,0.0000,1581903294.0000,2341202.0000,1581903294.0000,134827209.0000,388994852.0000,550847651.0000,1125215.0000,0.0000,0.0000,1554856820.0000,3041767.0000,178635.0000,108755.0000,983269.0000,777428404.0000,719357.0000,0.0000,0.0000,1549377413.0000,286163.0000,37936.0000,291.0000,0.0000,0.0000,0.0000,0.0000,0.0000
1407752795.0000,118100.0000,1409.0000,1148119.0000,350563450.0000,4617.0000,235705505.0000,0.0000,0.0000,1511991689.0000,117378288.0000,913886241.0000,2414.0000,124891431.0000,135841934.0000,2072521.0000,0.0000,0.0000,1447701970.0000,2238737.0000,1447701970.0000,128640305.0000,358189116.0000,512145547.0000,1065712.0000,0.0000,0.0000,1416741385.0000,2388563.0000,158012.0000,102529.0000,882053.0000,708370655.0000,637764.0000,0.0000,0.0000,1493110200.0000,361776.0000,38063.0000,273.0000,0.0000,0.0000,0.0000,0.0000,0.0000
