4758229.0000,17651.0000,281.0000,5545.0000,2368391.0000,455.0000,1679981.0000,0.0000,0.0000,4600761.0000,678148.0000,4291909.0000,232.0000,421047.0000,724712.0000,29.0000,0.0000,0.0000,4582470.0000,25776.0000,4582470.0000,895642.0000,2356521.0000,2872710.0000,5715.0000,0.0000,0.0000,4508888.0000,27656.0000,1930.0000,472.0000,10288.0000,2254447.0000,8170.0000,0.0000,0.0000,4529030.0000,532.0000,81907.0000,1.0000,0.0000,0.0000,0.0000,0.0000,0.0000
874770994.0000,135866.0000,2024.0000,882832.0000,204198324.0000,6390.0000,135248701.0000,0.0000,0.0000,944633504.0000,73179269.0000,545148011.0000,5210.0000,73763241.0000,76168267.0000,415587.0000,0.0000,0.0000,954482948.0000,1391815.0000,954482948.0000,77465535.0000,225355324.0000,326623024.0000,891243.0000,0.0000,0.0000,1015847756.0000,2280821.0000,260010.0000,156297.0000,1364544.0000,507923862.0000,1079645.0000,0.0000,0.0000,847783885.0000,265986.0000,48830.0000,164.0000,0.0000,0.0000,0.0000,0.0000,0.0000
1189759875.0000,122503.0000,1666.0000,1229059.0000,284638868.0000,4907.0000,189887899.0000,0.0000,0.0000,1158528156.0000,92145640.0000,658265755.0000,2911.0000,92657403.0000,94849266.0000,31248.0000,0.0000,0.0000,1317308355.0000,1698515.0000,1317308355.0000,107519431.0000,317889859.0000,445761533.0000,985592.0000,0.0000,0.0000,1218737310.0000,2520934.0000,163414.0000,101586.0000,1045840.0000,609368666.0000,701999.0000,0.0000,0.0000,1405771895.0000,415983.0000,141284.0000,270.0000,0.0000,0.0000,0.0000,0.0000,0.0000
1074477356.0000,118814.0000,1932.0000,1042847.0000,260139361.0000,5128.0000,174179247.0000,0.0000,0.0000,998168229.0000,79088618.0000,580773542.0000,2643.0000,80456945.0000,83980767.0000,213313.0000,0.0000,0.0000,1210072758.0000,1729822.0000,1210072758.0000,99651444.0000,294188620.0000,414492271.0000,913398.0000,0.0000,0.0000,998793349.0000,1890538.0000,196738.0000,84280.0000,1079634.0000,499396645.0000,805179.0000,0.0000,0.0000,1100628295.0000,338079.0000,121430.0000,211.0000,0.0000,0.0000,0.0000,0.0000,0.0000
1471624321.0000,14414.0000,643.0000,1157671.0000,354609264.0000,4904.0000,237223138.0000,0.0000,0.0000,1475357818.0000,118159331.0000,838340330.0000,353.0000,118152620.0000,119767976.0000,23.0000,0.0000,0.0000,1495244122.0000,1913108.0000,1495244122.0000,122495666.0000,360910179.0000,506347410.0000,944914.0000,0.0000,0.0000,1487554814.0000,2027393.0000,200079.0000,91238.0000,1033455.0000,743777394.0000,802501.0000,0.0000,0.0000,1330330000.0000,216482.0000,1384.0000,264.0000,0.0000,0.0000,0.0000,0.0000,0.0000
1211904185.0000,106958.0000,1133.0000,991044.0000,294093049.0000,5088.0000,196876249.0000,0.0000,0.0000,1107083501.0000,87127721.0000,645078878.0000,1849.0000,89264683.0000,93395412.0000,628437.0000,0.0000,0.0000,1131946281.0000,1665172.0000,1131946281.0000,95425147.0000,276801678.0000,392009222.0000,756852.0000,0.0000,0.0000,1351667260.0000,1840883.0000,188367.0000,87146.0000,995105.0000,675833610.0000,757027.0000,0.0000,0.0000,1223710815.0000,184367.0000,2472.0000,221.0000,0.0000,0.0000,0.0000,0.0000,0.0000
1602790675.0000,12635.0000,540.0000,1286120.0000,385390128.0000,4139.0000,257472517.0000,0.0000,0.0000,1649912037.0000,132076580.0000,937093505.0000,755.0000,132064966.0000,133890659.0000,3023.0000,0.0000,0.0000,1493335651.0000,1912555.0000,1493335651.0000,121782697.0000,360548316.0000,505269777.0000,975895.0000,0.0000,0.0000,1557867764.0000,1945322.0000,217416.0000,98648.0000,1121140.0000,778933883.0000,875378.0000,0.0000,0.0000,1307593409.0000,220277.0000,37311.0000,255.0000,0.0000,0.0000,0.0000,0.0000,0.0000
1600544481.0000,12609.0000,603.0000,1339767.0000,384555433.0000,5171.0000,257072766.0000,0.0000,0.0000,1420194388.0000,113228104.0000,808875412.0000,667.0000,114130305.0000,116624965.0000,699.0000,0.0000,0.0000,1136904594.0000,1574513.0000,1136904594.0000,94951676.0000,276775438.0000,390022018.0000,763072.0000,0.0000,0.0000,1138156413.0000,1592550.0000,177328.0000,75853.0000,1053887.0000,569078212.0000,715586.0000,0.0000,0.0000,1558530497.0000,244887.0000,1950.0000,347.0000,0.0000,0.0000,0.0000,0.0000,0.0000
925443201.0000,107423.0000,1292.0000,628813.0000,226451521.0000,3749.0000,151050083.0000,0.0000,0.0000,1107994943.0000,87166145.0000,643137481.0000,2094.0000,88924855.0000,92750030.0000,741224.0000,0.0000,0.0000,1387497682.0000,1777277.0000,1387497682.0000,113061519.0000,334860372.0000,469240732.0000,939964.0000,0.0000,0.0000,1011510159.0000,1543534.0000,157689.0000,68007.0000,813480.0000,505755069.0000,632678.0000,0.0000,0.0000,1196233941.0000,187186.0000,37568.0000,238.0000,0.0000,0.0000,0.0000,0.0000,0.0000
1675808730.0000,9826.0000,419.0000,1076854.0000,403284030.0000,4538.0000,269424112.0000,0.0000,0.0000,1560698405.0000,124738207.0000,886788238.0000,385.0000,125020324.0000,127033319.0000,23.0000,0.0000,0.0000,1535324669.0000,2109049.0000,1535324669.0000,128411996.0000,373989230.0000,527050353.0000,1109592.0000,0.0000,0.0000,1605724550.0000,2176517.0000,225749.0000,99477.0000,1169662.0000,802862278.0000,905203.0000,0.0000,0.0000,1549674461.0000,255669.0000,1161.0000,290.0000,0.0000,0.0000,0.0000,0.0000,0.0000
1283761272.0000,10910.0000,416.0000,814192.0000,313220830.0000,3738.0000,210241253.0000,0.0000,0.0000,1509721984.0000,120113966.0000,864153319.0000,905.0000,121709790.0000,125028071.0000,48535.0000,0.0000,0.0000,1309437924.0000,1755549.0000,1309437924.0000,106823722.0000,315799683.0000,443928263.0000,883057.0000,0.0000,0.0000,877238384.0000,1408430.0000,133811.0000,58069.0000,615350.0000,438619186.0000,536893.0000,0.0000,0.0000,1529033186.0000,263860.0000,2012.0000,317.0000,0.0000,0.0000,0.0000,0.0000,0.0000
1610637006.0000,11147.0000,312.0000,994254.0000,388475052.0000,4043.0000,259517872.0000,0.0000,0.0000,1081065895.0000,85443128.0000,621623010.0000,1927.0000,86325390.0000,89082645.0000,498946.0000,0.0000,0.0000,1466545678.0000,1878024.0000,1466545678.0000,119038673.0000,353464602.0000,495021788.0000,953524.0000,0.0000,0.0000,1202562236.0000,1963673.0000,183953.0000,82249.0000,938504.0000,601281101.0000,739239.0000,0.0000,0.0000,1561136180.0000,255665.0000,83566.0000,343.0000,0.0000,0.0000,0.0000,0.0000,0.0000
1627311049.0000,11329.0000,376.0000,1055071.0000,395707320.0000,5087.0000,264994010.0000,0.0000,0.0000,1321103716.0000,105137270.0000,751575817.0000,1732.0000,105855996.0000,108351526.0000,15007.0000,0.0000,0.0000,1337814909.0000,1877382.0000,1337814909.0000,112404680.0000,326744535.0000,461214809.0000,999317.0000,0.0000,0.0000,1325012804.0000,2155940.0000,194576.0000,86254.0000,1019392.0000,662506417.0000,786637.0000,0.0000,0.0000,1458017027.0000,267122.0000,3041.0000,289.0000,0.0000,0.0000,0.0000,0.0000,0.0000
1236519271.0000,107114.0000,1058.0000,766022.0000,298160082.0000,4291.0000,198946489.0000,0.0000,0.0000,1143655142.0000,89875108.0000,664079518.0000,2307.0000,92098979.0000,96396712.0000,677307.0000,0.0000,0.0000,1622336795.0000,2071346.0000,1622336795.0000,132009479.0000,390503265.0000,547352353.0000,1133528.0000,0.0000,0.0000,1531002601.0000,2315291.0000,212190.0000,101323.0000,1116230.0000,765501296.0000,852402.0000,0.0000,0.0000,1528109513.0000,258424.0000,2305.0000,310.0000,0.0000,0.0000,0.0000,0.0000,0.0000
1609645215.0000,9249.0000,337.0000,925501.0000,387568986.0000,4348.0000,258942613.0000,0.0000,0.0000,1625924035.0000,130079311.0000,922893604.0000,495.0000,130066195.0000,131846494.0000,23.0000,0.0000,0.0000,970005976.0000,1474500.0000,970005976.0000,82596845.0000,236718485.0000,336312005.0000,745301.0000,0.0000,0.0000,1606192184.0000,2505765.0000,214292.0000,99353.0000,1115714.0000,803096090.0000,859596.0000,0.0000,0.0000,1477345995.0000,219805.0000,1667.0000,276.0000,0.0000,0.0000,0.0000,0.0000,0.0000
1429373562.0000,10997.0000,359.0000,1227945.0000,346747611.0000,4132.0000,231725305.0000,0.0000,0.0000,1627989622.0000,128619065.0000,939043365.0000,843.0000,130696482.0000,135008687.0000,582435.0000,0.0000,0.0000,1650733891.0000,2103965.0000,1650733891.0000,133282494.0000,395918460.0000,554427165.0000,1386135.0000,0.0000,0.0000,1358400216.0000,2140270.0000,188068.0000,86365.0000,988863.0000,679200091.0000,755384.0000,0.0000,0.0000,1119561268.0000,319839.0000,119176.0000,260.0000,0.0000,0.0000,0.0000,0.0000,0.0000
1593335507.0000,12409.0000,419.0000,1551626.0000,381202353.0000,4431.0000,254830291.0000,0.0000,0.0000,1296238786.0000,102938898.0000,732502807.0000,1892.0000,103068677.0000,104956304.0000,13713.0000,0.0000,0.0000,1659026076.0000,2114008.0000,1659026076.0000,134134050.0000,398149541.0000,557629140.0000,1359413.0000,0.0000,0.0000,1308075033.0000,2435273.0000,197721.0000,86746.0000,1011887.0000,654037500.0000,793933.0000,0.0000,0.0000,1592763169.0000,266310.0000,2043.0000,299.0000,0.0000,0.0000,0.0000,0.0000,0.0000
1493826530.0000,10762.0000,430.0000,1135452.0000,361917051.0000,4126.0000,242267897.0000,0.0000,0.0000,1730321505.0000,137401484.0000,978417515.0000,559.0000,137981014.0000,140467428.0000,2310.0000,0.0000,0.0000,1125968428.0000,1616244.0000,1125968428.0000,94498334.0000,273177255.0000,386884866.0000,974946.0000,0.0000,0.0000,1358847403.0000,2474059.0000,187339.0000,85570.0000,949399.0000,679423702.0000,756307.0000,0.0000,0.0000,1544582465.0000,247670.0000,1252.0000,306.0000,0.0000,0.0000,0.0000,0.0000,0.0000
1610715353.0000,9889.0000,344.0000,895671.0000,387946357.0000,4100.0000,259179299.0000,0.0000,0.0000,1479584267.0000,117214870.0000,858249135.0000,725.0000,119141136.0000,123112810.0000,534006.0000,0.0000,0.0000,1675356755.0000,2134901.0000,1675356755.0000,135249312.0000,402001905.0000,562842164.0000,1501645.0000,0.0000,0.0000,1142434874.0000,1824038.0000,177391.0000,80106.0000,1049379.0000,571217438.0000,712085.0000,0.0000,0.0000,1574032663.0000,255788.0000,1927.0000,320.0000,0.0000,0.0000,0.0000,0.0000,0.0000
1410601402.0000,13755.0000,563.0000,851661.0000,343239383.0000,4531.0000,228944985.0000,0.0000,0.0000,1542422781.0000,123280710.0000,874782766.0000,763.0000,123285197.0000,124999441.0000,33.0000,0.0000,0.0000,1041297423.0000,1586770.0000,1041297423.0000,86751583.0000,253827116.0000,358728424.0000,791907.0000,0.0000,0.0000,1623847694.0000,2168170.0000,218187.0000,99592.0000,1142621.0000,811923839.0000,875138.0000,0.0000,0.0000,1301121280.0000,208292.0000,1297.0000,240.0000,0.0000,0.0000,0.0000,0.0000,0.0000
1284029825.0000,106310.0000,1252.0000,825994.0000,308759089.0000,4471.0000,206150880.0000,0.0000,0.0000,1306197311.0000,103306657.0000,757838453.0000,425.0000,105370540.0000,109209288.0000,437657.0000,0.0000,0.0000,1624666559.0000,2077313.0000,1624666559.0000,131609752.0000,391241238.0000,547758210.0000,1075739.0000,0.0000,0.0000,1419266806.0000,1818662.0000,197000.0000,90745.0000,1036941.0000,709633393.0000,795411.0000,0.0000,0.0000,1321254710.0000,213144.0000,36420.0000,261.0000,0.0000,0.0000,0.0000,0.0000,0.0000
1271609929.0000,13431.0000,464.0000,757098.0000,305898271.0000,3691.0000,204579410.0000,0.0000,0.0000,1553969384.0000,124139843.0000,881655227.0000,1187.0000,124175126.0000,126092483.0000,8215.0000,0.0000,0.0000,1323413750.0000,1847306.0000,1323413750.0000,109331652.0000,322073271.0000,452755969.0000,896160.0000,0.0000,0.0000,1344518773.0000,1740978.0000,190332.0000,83078.0000,995235.0000,672259360.0000,765056.0000,0.0000,0.0000,1446507696.0000,206998.0000,3143.0000,266.0000,0.0000,0.0000,0.0000,0.0000,0.0000
974274654.0000,104843.0000,1609.0000,673988.0000,237463143.0000,4237.0000,159020481.0000,0.0000,0.0000,1415077406.0000,111973928.0000,817806919.0000,499.0000,113969735.0000,117961643.0000,582780.0000,0.0000,0.0000,1281785384.0000,1712031.0000,1281785384.0000,104736852.0000,308161655.0000,433678017.0000,1012397.0000,0.0000,0.0000,1442691040.0000,1839076.0000,201642.0000,92823.0000,1053304.0000,721345514.0000,810871.0000,0.0000,0.0000,1558734760.0000,260238.0000,2303.0000,307.0000,0.0000,0.0000,0.0000,0.0000,0.0000
1650230665.0000,10270.0000,318.0000,1008623.0000,397305067.0000,4318.0000,265443141.0000,0.0000,0.0000,1752600677.0000,139403854.0000,992963889.0000,697.0000,140014428.0000,142591968.0000,1353.0000,0.0000,0.0000,1442593339.0000,1858121.0000,1442593339.0000,117535186.0000,348746937.0000,487896481.0000,1069462.0000,0.0000,0.0000,1632415562.0000,2198015.0000,232210.0000,102617.0000,1216728.0000,816207772.0000,931756.0000,0.0000,0.0000,1327469372.0000,225038.0000,164787.0000,270.0000,0.0000,0.0000,0.0000,0.0000,0.0000
1529744161.0000,10780.0000,463.0000,931528.0000,371875044.0000,4645.0000,249482406.0000,0.0000,0.0000,1284437448.0000,101267277.0000,744251877.0000,2083.0000,103238402.0000,107445713.0000,725747.0000,0.0000,0.0000,1145774882.0000,1628479.0000,1145774882.0000,96997607.0000,278712391.0000,395103608.0000,738599.0000,0.0000,0.0000,946339488.0000,1465408.0000,159926.0000,65024.0000,799103.0000,473169722.0000,642846.0000,0.0000,0.0000,1209326268.0000,343164.0000,38927.0000,234.0000,0.0000,0.0000,0.0000,0.0000,0.0000
1658294045.0000,9470.0000,372.0000,1057701.0000,398919374.0000,4724.0000,266511148.0000,0.0000,0.0000,1698631007.0000,136084078.0000,965566051.0000,549.0000,136078471.0000,137965902.0000,2428.0000,0.0000,0.0000,1632707472.0000,2090873.0000,1632707472.0000,132967433.0000,393784530.0000,551799051.0000,974349.0000,0.0000,0.0000,1175922111.0000,1644231.0000,175206.0000,77880.0000,901456.0000,587961070.0000,703152.0000,0.0000,0.0000,1604129779.0000,269740.0000,1419.0000,314.0000,0.0000,0.0000,0.0000,0.0000,0.0000
1159297961.0000,108968.0000,1345.0000,737371.0000,282620130.0000,4168.0000,188976721.0000,0.0000,0.0000,1510143471.0000,119082522.0000,870267042.0000,1076.0000,121132483.0000,125480732.0000,876911.0000,0.0000,0.0000,1248886966.0000,1683091.0000,1248886966.0000,104731563.0000,303737989.0000,428413608.0000,851650.0000,0.0000,0.0000,1478096750.0000,1861943.0000,205435.0000,93706.0000,1097931.0000,739048362.0000,830887.0000,0.0000,0.0000,1050773634.0000,186615.0000,36730.0000,209.0000,0.0000,0.0000,0.0000,0.0000,0.0000
1602370319.0000,11260.0000,439.0000,947407.0000,387526795.0000,4393.0000,259216717.0000,0.0000,0.0000,1630932549.0000,130369019.0000,926026472.0000,720.0000,130531686.0000,132503671.0000,11.0000,0.0000,0.0000,1190516261.0000,1593420.0000,1190516261.0000,99059616.0000,286316827.0000,404714165.0000,911128.0000,0.0000,0.0000,1459565377.0000,2046181.0000,201094.0000,96055.0000,1053107.0000,729782677.0000,807909.0000,0.0000,0.0000,1262755666.0000,215687.0000,36580.0000,225.0000,0.0000,0.0000,0.0000,0.0000,0.0000
1557561107.0000,12365.0000,506.0000,1063621.0000,377587255.0000,4716.0000,251962901.0000,0.0000,0.0000,1316232067.0000,103478952.0000,762197756.0000,2267.0000,105733264.0000,110243302.0000,694162.0000,0.0000,0.0000,1144809118.0000,1659981.0000,1144809118.0000,95342226.0000,277786980.0000,392725480.0000,1035295.0000,0.0000,0.0000,1396757749.0000,1931043.0000,189211.0000,84329.0000,995696.0000,698378867.0000,758703.0000,0.0000,0.0000,1237410931.0000,180402.0000,19829.0000,227.0000,0.0000,0.0000,0.0000,0.0000,0.0000
1253171198.0000,101676.0000,914.0000,1022678.0000,300644604.0000,3955.0000,200927249.0000,0.0000,0.0000,1614786297.0000,128633441.0000,912636833.0000,558.0000,128621281.0000,130381947.0000,1064.0000,0.0000,0.0000,1414383945.0000,1799128.0000,1414383945.0000,114486906.0000,338855004.0000,474924578.0000,1468176.0000,0.0000,0.0000,1295695173.0000,2079736.0000,180920.0000,90412.0000,1061327.0000,647847546.0000,735487.0000,0.0000,0.0000,1134343397.0000,160022.0000,36738.0000,229.0000,0.0000,0.0000,0.0000,0.0000,0.0000
1433356047.0000,100370.0000,1004.0000,1010484.0000,349862180.0000,4671.0000,233587670.0000,0.0000,0.0000,1439786734.0000,113680857.0000,828386440.0000,791.0000,115372481.0000,119116985.0000,649509.0000,0.0000,0.0000,1027355784.0000,1508048.0000,1027355784.0000,88068355.0000,250579744.0000,356766250.0000,935122.0000,0.0000,0.0000,1588442379.0000,2428834.0000,209911.0000,98968.0000,1100398.0000,794221175.0000,845538.0000,0.0000,0.0000,1402506559.0000,258657.0000,3510.0000,289.0000,0.0000,0.0000,0.0000,0.0000,0.0000
1597798360.0000,10180.0000,405.0000,944908.0000,386507704.0000,4686.0000,258319838.0000,0.0000,0.0000,1393414667.0000,111073746.0000,791857305.0000,511.0000,111693693.0000,113854093.0000,33.0000,0.0000,0.0000,1673557252.0000,2146429.0000,1673557252.0000,135967320.0000,404220319.0000,565936881.0000,1220349.0000,0.0000,0.0000,1165779257.0000,1897413.0000,175226.0000,77986.0000,904052.0000,582889605.0000,702645.0000,0.0000,0.0000,1277540741.0000,193587.0000,36531.0000,289.0000,0.0000,0.0000,0.0000,0.0000,0.0000
1191806622.0000,106900.0000,1317.0000,940912.0000,289870289.0000,4356.0000,193430761.0000,0.0000,0.0000,1171394866.0000,92107810.0000,676827620.0000,631.0000,93952763.0000,97510010.0000,584167.0000,0.0000,0.0000,1616576464.0000,2229813.0000,1616576464.0000,133107427.0000,393470263.0000,552805685.0000,1351221.0000,0.0000,0.0000,1393362051.0000,2019933.0000,188098.0000,83988.0000,957271.0000,696681020.0000,754315.0000,0.0000,0.0000,1288310810.0000,226409.0000,2723.0000,231.0000,0.0000,0.0000,0.0000,0.0000,0.0000
1717875260.0000,13481.0000,518.0000,1446398.0000,411762672.0000,4754.0000,275211807.0000,0.0000,0.0000,1561939788.0000,123890261.0000,884945042.0000,575.0000,124859664.0000,127558449.0000,1054.0000,0.0000,0.0000,1596461836.0000,2040311.0000,1596461836.0000,130254280.0000,384603797.0000,539327026.0000,1281383.0000,0.0000,0.0000,1180584758.0000,2378826.0000,173018.0000,80911.0000,929584.0000,590292334.0000,700248.0000,0.0000,0.0000,1561048247.0000,260904.0000,1335.0000,316.0000,0.0000,0.0000,0.0000,0.0000,0.0000
1384020463.0000,9777.0000,442.0000,968387.0000,336039299.0000,4130.0000,225114460.0000,0.0000,0.0000,976751904.0000,77094170.0000,564716754.0000,1888.0000,77897862.0000,80574397.0000,643888.0000,0.0000,0.0000,1348852484.0000,1933491.0000,1348852484.0000,112650705.0000,328647307.0000,464047567.0000,1027176.0000,0.0000,0.0000,1606921131.0000,2783798.0000,216192.0000,100874.0000,1126451.0000,803460573.0000,870486.0000,0.0000,0.0000,1191133179.0000,192075.0000,2266.0000,232.0000,0.0000,0.0000,0.0000,0.0000,0.0000
1289019102.0000,106182.0000,1149.0000,842518.0000,309932693.0000,4643.0000,206926261.0000,0.0000,0.0000,1296224532.0000,103067084.0000,738351958.0000,1657.0000,104029756.0000,106731510.0000,12666.0000,0.0000,0.0000,1447041505.0000,2008730.0000,1447041505.0000,119079085.0000,352389379.0000,494724161.0000,1150671.0000,0.0000,0.0000,1261378998.0000,2006591.0000,187592.0000,84117.0000,959721.0000,630689507.0000,751873.0000,0.0000,0.0000,1686304580.0000,288431.0000,83698.0000,303.0000,0.0000,0.0000,0.0000,0.0000,0.0000
1400388841.0000,70156.0000,907.0000,1050537.0000,339514053.0000,4634.0000,226710955.0000,0.0000,0.0000,1221395670.0000,96103735.0000,714094292.0000,2203.0000,98970900.0000,103916772.0000,547756.0000,0.0000,0.0000,1285001942.0000,1715697.0000,1285001942.0000,104263340.0000,308178633.0000,433258766.0000,1178449.0000,0.0000,0.0000,1431232658.0000,2078078.0000,196363.0000,90450.0000,1029884.0000,715616321.0000,788039.0000,0.0000,0.0000,1579453919.0000,270712.0000,3456.0000,312.0000,0.0000,0.0000,0.0000,0.0000,0.0000
1485260574.0000,10851.0000,455.0000,1095030.0000,360730406.0000,4849.0000,241392444.0000,0.0000,0.0000,1526332913.0000,119379667.0000,865361075.0000,2263.0000,122197052.0000,127302913.0000,22415.0000,0.0000,0.0000,1531400049.0000,2081413.0000,1531400049.0000,127619305.0000,371845728.0000,524061420.0000,1336018.0000,0.0000,0.0000,1273859863.0000,2346937.0000,189400.0000,84085.0000,1013320.0000,636929902.0000,760852.0000,0.0000,0.0000,1594927972.0000,261406.0000,2807.0000,314.0000,0.0000,0.0000,0.0000,0.0000,0.0000
1019570002.0000,105518.0000,1392.0000,655529.0000,245373898.0000,4084.0000,163792352.0000,0.0000,0.0000,1346889747.0000,105982115.0000,782805758.0000,2614.0000,108630620.0000,113620218.0000,801303.0000,0.0000,0.0000,1551850213.0000,2031773.0000,1551850213.0000,126234047.0000,374094240.0000,524935698.0000,1158818.0000,0.0000,0.0000,1179879614.0000,2244310.0000,179297.0000,84574.0000,921180.0000,589939783.0000,725528.0000,0.0000,0.0000,1611927074.0000,280928.0000,2453.0000,328.0000,0.0000,0.0000,0.0000,0.0000,0.0000
1278172781.0000,12414.0000,518.0000,826566.0000,311512396.0000,4023.0000,208673526.0000,0.0000,0.0000,1525309862.0000,121210683.0000,880611198.0000,393.0000,122833708.0000,126429061.0000,388673.0000,0.0000,0.0000,1459504974.0000,2022721.0000,1459504974.0000,122855180.0000,355981175.0000,501785297.0000,1276137.0000,0.0000,0.0000,1224178802.0000,1754376.0000,182087.0000,80738.0000,926096.0000,612089392.0000,729920.0000,0.0000,0.0000,1437049691.0000,234812.0000,1872.0000,252.0000,0.0000,0.0000,0.0000,0.0000,0.0000
1168068077.0000,107235.0000,1288.0000,951236.0000,280698326.0000,4708.0000,187459317.0000,0.0000,0.0000,1509926528.0000,119584449.0000,850197764.0000,766.0000,119856708.0000,121810374.0000,1041.0000,0.0000,0.0000,1553547017.0000,2127535.0000,1553547017.0000,128900239.0000,376466908.0000,529976414.0000,1422274.0000,0.0000,0.0000,1605381500.0000,2244224.0000,213287.0000,101700.0000,1118124.0000,802690736.0000,857162.0000,0.0000,0.0000,1449378116.0000,269479.0000,2698.0000,287.0000,0.0000,0.0000,0.0000,0.0000,0.0000
1107622392.0000,107813.0000,1352.0000,930992.0000,268265877.0000,4117.0000,180326686.0000,0.0000,0.0000,1145381576.0000,90023892.0000,662328123.0000,2048.0000,92257446.0000,96359314.0000,402900.0000,0.0000,0.0000,1092017896.0000,1469684.0000,1092017896.0000,89481574.0000,262219627.0000,369572411.0000,959228.0000,0.0000,0.0000,1459485218.0000,2451061.0000,191490.0000,92764.0000,1025085.0000,729742586.0000,774656.0000,0.0000,0.0000,973942062.0000,180356.0000,35603.0000,175.0000,0.0000,0.0000,0.0000,0.0000,0.0000
1505333725.0000,106429.0000,1130.0000,1100263.0000,362146145.0000,5142.0000,241974572.0000,0.0000,0.0000,1527788826.0000,121121322.0000,882954828.0000,870.0000,123343223.0000,127556131.0000,388215.0000,0.0000,0.0000,1388388104.0000,1927605.0000,1388388104.0000,116451605.0000,337450325.0000,476221504.0000,1208963.0000,0.0000,0.0000,1214202135.0000,2015909.0000,173585.0000,85052.0000,890398.0000,607101069.0000,697015.0000,0.0000,0.0000,1487603660.0000,271482.0000,126042.0000,348.0000,0.0000,0.0000,0.0000,0.0000,0.0000
1481335779.0000,17291.0000,640.0000,920137.0000,359956863.0000,4690.0000,241205494.0000,0.0000,0.0000,1683137528.0000,134859865.0000,956786569.0000,763.0000,134836490.0000,136693203.0000,1387.0000,0.0000,0.0000,1545922648.0000,1993408.0000,1545922648.0000,127460181.0000,374173777.0000,524859576.0000,1040793.0000,0.0000,0.0000,1485335614.0000,2340221.0000,193255.0000,94629.0000,990098.0000,742667778.0000,776635.0000,0.0000,0.0000,1076764194.0000,205252.0000,36403.0000,184.0000,0.0000,0.0000,0.0000,0.0000,0.0000
1269858384.0000,73123.0000,812.0000,793483.0000,308982804.0000,4213.0000,207363649.0000,0.0000,0.0000,962326335.0000,75914268.0000,558740502.0000,2148.0000,77553557.0000,80886468.0000,414828.0000,0.0000,0.0000,1514058070.0000,2076598.0000,1514058070.0000,126053739.0000,368774700.0000,519163050.0000,1123405.0000,0.0000,0.0000,1683164352.0000,2287989.0000,207774.0000,105583.0000,1124940.0000,841582161.0000,840533.0000,0.0000,0.0000,1486195036.0000,263594.0000,3123.0000,319.0000,0.0000,0.0000,0.0000,0.0000,0.0000
1186613553.0000,105042.0000,1821.0000,788871.0000,285900285.0000,4663.0000,190929814.0000,0.0000,0.0000,1093810549.0000,87137644.0000,622224710.0000,1960.0000,87572970.0000,89547649.0000,13115.0000,0.0000,0.0000,1482097468.0000,2054373.0000,1482097468.0000,123737274.0000,361458200.0000,509104455.0000,1062446.0000,0.0000,0.0000,1199038051.0000,2229334.0000,179568.0000,84353.0000,915056.0000,599518974.0000,721090.0000,0.0000,0.0000,1600633225.0000,247009.0000,1649.0000,318.0000,0.0000,0.0000,0.0000,0.0000,0.0000
1260301561.0000,15917.0000,789.0000,873372.0000,306450586.0000,4075.0000,205398228.0000,0.0000,0.0000,1022269770.0000,81102745.0000,594610836.0000,1956.0000,82851260.0000,86822467.0000,310081.0000,0.0000,0.0000,1459921848.0000,1966578.0000,1459921848.0000,123179897.0000,356364102.0000,502367241.0000,1106666.0000,0.0000,0.0000,1396476203.0000,2451483.0000,183218.0000,90440.0000,942683.0000,698238089.0000,737818.0000,0.0000,0.0000,1061175367.0000,191712.0000,118221.0000,241.0000,0.0000,0.0000,0.0000,0.0000,0.0000
1316181964.0000,13317.0000,438.0000,932419.0000,317155803.0000,3864.0000,212438597.0000,0.0000,0.0000,1313475960.0000,104331755.0000,762132088.0000,812.0000,106394088.0000,110146400.0000,197365.0000,0.0000,0.0000,1602622199.0000,2053122.0000,1602622199.0000,131270984.0000,387290227.0000,543188020.0000,1121092.0000,0.0000,0.0000,1224936665.0000,1699408.0000,173007.0000,81470.0000,885494.0000,612468316.0000,698047.0000,0.0000,0.0000,1118548524.0000,186356.0000,37781.0000,192.0000,0.0000,0.0000,0.0000,0.0000,0.0000
1214845842.0000,108191.0000,1342.0000,736972.0000,295681591.0000,4903.0000,197418323.0000,0.0000,0.0000,1506010054.0000,119741515.0000,871294841.0000,834.0000,121665802.0000,125636793.0000,485273.0000,0.0000,0.0000,1007113968.0000,1448044.0000,1007113968.0000,84565951.0000,244374018.0000,346247820.0000,889339.0000,0.0000,0.0000,1399584788.0000,2177510.0000,188934.0000,88461.0000,975425.0000,699792386.0000,759578.0000,0.0000,0.0000,1310206080.0000,212925.0000,35971.0000,244.0000,0.0000,0.0000,0.0000,0.0000,0.0000
940252291.0000,106300.0000,1444.0000,696582.0000,229057723.0000,3980.0000,153378066.0000,0.0000,0.0000,1242121826.0000,98337784.0000,699872481.0000,2068.0000,98472438.0000,100296836.0000,16221.0000,0.0000,0.0000,1422370082.0000,1986180.0000,1422370082.0000,120138375.0000,344805094.0000,488504948.0000,1212338.0000,0.0000,0.0000,1348219448.0000,2597906.0000,182932.0000,87466.0000,942533.0000,674109725.0000,735315.0000,0.0000,0.0000,1139262957.0000,179663.0000,36555.0000,230.0000,0.0000,0.0000,0.0000,0.0000,0.0000
1539570896.0000,14023.0000,498.0000,1481462.0000,369334314.0000,4458.0000,247043463.0000,0.0000,0.0000,1599294089.0000,126849300.0000,922501858.0000,659.0000,128715317.0000,133095702.0000,291520.0000,0.0000,0.0000,1383757930.0000,1847314.0000,1383757930.0000,117943711.0000,337322620.0000,476643441.0000,1048334.0000,0.0000,0.0000,1613081628.0000,3190330.0000,199783.0000,100498.0000,1077338.0000,806540791.0000,806410.0000,0.0000,0.0000,1296333189.0000,176231.0000,83740.0000,232.0000,0.0000,0.0000,0.0000,0.0000,0.0000
1127739807.0000,107549.0000,1489.0000,730314.0000,274581290.0000,4482.0000,184024025.0000,0.0000,0.0000,1372395926.0000,108739956.0000,798221801.0000,574.0000,111540982.0000,116159870.0000,390034.0000,0.0000,0.0000,910905238.0000,1245973.0000,910905238.0000,74376421.0000,219326309.0000,308886091.0000,711461.0000,0.0000,0.0000,1083747555.0000,1644295.0000,157877.0000,71450.0000,816796.0000,541873776.0000,632782.0000,0.0000,0.0000,1137251015.0000,149818.0000,36118.0000,229.0000,0.0000,0.0000,0.0000,0.0000,0.0000
991097200.0000,107891.0000,1708.0000,617538.0000,241394725.0000,4251.0000,162184371.0000,0.0000,0.0000,1441582216.0000,114244271.0000,837674238.0000,654.0000,116897745.0000,121479031.0000,437758.0000,0.0000,0.0000,1554913534.0000,2142305.0000,1554913534.0000,128089792.0000,378860900.0000,531981531.0000,1167192.0000,0.0000,0.0000,1387248601.0000,1880522.0000,175592.0000,87518.0000,939164.0000,693624279.0000,710415.0000,0.0000,0.0000,979429485.0000,191550.0000,37019.0000,203.0000,0.0000,0.0000,0.0000,0.0000,0.0000
1267298300.0000,11336.0000,441.0000,699656.0000,306423177.0000,3589.0000,204910738.0000,0.0000,0.0000,1360402358.0000,108136328.0000,783384861.0000,758.0000,110133785.0000,113896652.0000,366710.0000,0.0000,0.0000,1425052875.0000,1931045.0000,1425052875.0000,119960434.0000,346852731.0000,489592792.0000,1163893.0000,0.0000,0.0000,1625692949.0000,2696712.0000,212947.0000,104172.0000,1104659.0000,812846442.0000,856912.0000,0.0000,0.0000,1358805577.0000,233557.0000,2365.0000,270.0000,0.0000,0.0000,0.0000,0.0000,0.0000
1161480219.0000,107788.0000,1323.0000,695847.0000,283008809.0000,4312.0000,190090990.0000,0.0000,0.0000,1253264214.0000,100170338.0000,714930811.0000,2161.0000,100639534.0000,102846466.0000,14956.0000,0.0000,0.0000,1491507794.0000,1985574.0000,1491507794.0000,125789521.0000,362825065.0000,512267559.0000,1171296.0000,0.0000,0.0000,1219521741.0000,1986118.0000,160230.0000,77710.0000,781835.0000,609760835.0000,647393.0000,0.0000,0.0000,1459041235.0000,235144.0000,3160.0000,257.0000,0.0000,0.0000,0.0000,0.0000,0.0000
1475571223.0000,16132.0000,658.0000,842243.0000,360560233.0000,4607.0000,241762656.0000,0.0000,0.0000,1100156061.0000,86757049.0000,643797253.0000,1889.0000,89573877.0000,94223481.0000,401541.0000,0.0000,0.0000,1424363043.0000,1916884.0000,1424363043.0000,119013232.0000,346652464.0000,488423963.0000,1051959.0000,0.0000,0.0000,1039091281.0000,1867029.0000,155061.0000,68677.0000,776260.0000,519545649.0000,623565.0000,0.0000,0.0000,1295021752.0000,183003.0000,2137.0000,247.0000,0.0000,0.0000,0.0000,0.0000,0.0000
1122087454.0000,109301.0000,1621.0000,816903.0000,272438304.0000,4874.0000,182967693.0000,0.0000,0.0000,1510777319.0000,119740282.0000,871513057.0000,708.0000,121674103.0000,125747573.0000,631544.0000,0.0000,0.0000,1279143101.0000,1684901.0000,1279143101.0000,105909379.0000,309220931.0000,435258540.0000,1327607.0000,0.0000,0.0000,1258688868.0000,2067214.0000,175855.0000,83514.0000,905190.0000,629344437.0000,705421.0000,0.0000,0.0000,1538866664.0000,283325.0000,2510.0000,335.0000,0.0000,0.0000,0.0000,0.0000,0.0000
1420771859.0000,15649.0000,614.0000,1078744.0000,345380901.0000,4384.0000,231707649.0000,0.0000,0.0000,1484779233.0000,117819735.0000,856846910.0000,1087.0000,119785636.0000,123680308.0000,247419.0000,0.0000,0.0000,1124404860.0000,1629116.0000,1124404860.0000,95630903.0000,274078078.0000,388986383.0000,934406.0000,0.0000,0.0000,1130391618.0000,2174712.0000,161837.0000,79324.0000,996772.0000,565195813.0000,654580.0000,0.0000,0.0000,1587619958.0000,259162.0000,3238.0000,312.0000,0.0000,0.0000,0.0000,0.0000,0.0000
1062756235.0000,108280.0000,1160.0000,953829.0000,257149954.0000,3977.0000,172582847.0000,0.0000,0.0000,1426831182.0000,113628269.0000,825935314.0000,670.0000,115743652.0000,119640153.0000,244350.0000,0.0000,0.0000,1140818210.0000,1559041.0000,1140818210.0000,96433644.0000,277327122.0000,392015158.0000,817677.0000,0.0000,0.0000,1564559358.0000,2388201.0000,197742.0000,101000.0000,1063124.0000,782279675.0000,796415.0000,0.0000,0.0000,981578701.0000,293843.0000,117697.0000,186.0000,0.0000,0.0000,0.0000,0.0000,0.0000
1118933348.0000,106773.0000,1142.0000,721823.0000,269778347.0000,4042.0000,180359767.0000,0.0000,0.0000,1373065587.0000,109523730.0000,792314474.0000,617.0000,110781288.0000,113785949.0000,291613.0000,0.0000,0.0000,977476589.0000,1359419.0000,977476589.0000,83360946.0000,236994957.0000,337003226.0000,855568.0000,0.0000,0.0000,1254771844.0000,1830161.0000,167371.0000,84376.0000,895719.0000,627385889.0000,676934.0000,0.0000,0.0000,1480526920.0000,250437.0000,2885.0000,294.0000,0.0000,0.0000,0.0000,0.0000,0.0000
1344365013.0000,104003.0000,1161.0000,735887.0000,328666229.0000,4841.0000,219815091.0000,0.0000,0.0000,923392921.0000,72652359.0000,541655981.0000,1893.0000,75338848.0000,79706556.0000,472885.0000,0.0000,0.0000,1167880126.0000,1694060.0000,1167880126.0000,100095239.0000,285161672.0000,405257508.0000,842656.0000,0.0000,0.0000,1418624610.0000,1915731.0000,172054.0000,87775.0000,908847.0000,709312277.0000,692456.0000,0.0000,0.0000,1451405645.0000,237594.0000,2863.0000,286.0000,0.0000,0.0000,0.0000,0.0000,0.0000
1127963246.0000,103923.0000,1026.0000,609002.0000,275253557.0000,4286.0000,184275806.0000,0.0000,0.0000,1369731624.0000,108692098.0000,792967230.0000,417.0000,110818408.0000,114772335.0000,421918.0000,0.0000,0.0000,1077291700.0000,1585828.0000,1077291700.0000,92342023.0000,263016584.0000,373801082.0000,732680.0000,0.0000,0.0000,1450239852.0000,1895706.0000,167201.0000,92739.0000,902511.0000,725119909.0000,675509.0000,0.0000,0.0000,1253651348.0000,214136.0000,36630.0000,248.0000,0.0000,0.0000,0.0000,0.0000,0.0000
1195285061.0000,108566.0000,1212.0000,745932.0000,290701675.0000,4598.0000,195328286.0000,0.0000,0.0000,1208894531.0000,95040670.0000,702874927.0000,1839.0000,98239658.0000,103765768.0000,208726.0000,0.0000,0.0000,1183593732.0000,1641882.0000,1183593732.0000,100239849.0000,286646007.0000,406525238.0000,1141634.0000,0.0000,0.0000,1196118395.0000,1742770.0000,160736.0000,78523.0000,862961.0000,598059183.0000,646230.0000,0.0000,0.0000,1526361211.0000,301729.0000,168403.0000,400.0000,0.0000,0.0000,0.0000,0.0000,0.0000
1227235548.0000,107235.0000,1340.0000,733846.0000,299328783.0000,4916.0000,200380385.0000,0.0000,0.0000,1071338004.0000,83732547.0000,638104455.0000,2063.0000,88156307.0000,94710063.0000,872047.0000,0.0000,0.0000,1074898080.0000,1585120.0000,1074898080.0000,93702840.0000,263997718.0000,375797138.0000,907187.0000,0.0000,0.0000,1070895920.0000,2221925.0000,148831.0000,75087.0000,823126.0000,535447931.0000,601227.0000,0.0000,0.0000,1050137553.0000,187029.0000,36941.0000,183.0000,0.0000,0.0000,0.0000,0.0000,0.0000
1278862377.0000,109640.0000,1317.0000,1212897.0000,311245406.0000,4975.0000,208413566.0000,0.0000,0.0000,1005534666.0000,78822414.0000,592031407.0000,1961.0000,82665847.0000,88319123.0000,547805.0000,0.0000,0.0000,1047037676.0000,1483964.0000,1047037676.0000,91579377.0000,254378377.0000,363739777.0000,911191.0000,0.0000,0.0000,1196156624.0000,1926571.0000,163947.0000,82839.0000,848732.0000,598078289.0000,660065.0000,0.0000,0.0000,1080150276.0000,166690.0000,36320.0000,203.0000,0.0000,0.0000,0.0000,0.0000,0.0000
1029086202.0000,104570.0000,1120.0000,602468.0000,253785747.0000,4088.0000,170471189.0000,0.0000,0.0000,1120225774.0000,88333865.0000,650630101.0000,2008.0000,90614563.0000,94981014.0000,775015.0000,0.0000,0.0000,905395411.0000,1279994.0000,905395411.0000,77336724.0000,220266964.0000,313134476.0000,627292.0000,0.0000,0.0000,1042247854.0000,1513851.0000,142919.0000,68995.0000,801335.0000,521123908.0000,578842.0000,0.0000,0.0000,1380331463.0000,236586.0000,2586.0000,298.0000,0.0000,0.0000,0.0000,0.0000,0.0000
1138163000.0000,107738.0000,1471.0000,670699.0000,277798606.0000,4475.0000,185763222.0000,0.0000,0.0000,1177867028.0000,92929504.0000,684894513.0000,2014.0000,95417214.0000,99880139.0000,483407.0000,0.0000,0.0000,1087106765.0000,1560025.0000,1087106765.0000,92175161.0000,264688564.0000,375255988.0000,779597.0000,0.0000,0.0000,1135631276.0000,1782527.0000,163252.0000,82057.0000,868533.0000,567815622.0000,659008.0000,0.0000,0.0000,920738553.0000,254094.0000,118185.0000,226.0000,0.0000,0.0000,0.0000,0.0000,0.0000
1470852855.0000,14228.0000,520.0000,865912.0000,358382562.0000,4543.0000,239918302.0000,0.0000,0.0000,915477772.0000,70899240.0000,543936067.0000,2079.0000,75028653.0000,81015459.0000,742698.0000,0.0000,0.0000,1156662214.0000,1647429.0000,1156662214.0000,102122542.0000,284091655.0000,404768646.0000,871149.0000,0.0000,0.0000,1421577749.0000,2020195.0000,172674.0000,91074.0000,911060.0000,710788858.0000,696359.0000,0.0000,0.0000,1169290053.0000,201885.0000,36540.0000,253.0000,0.0000,0.0000,0.0000,0.0000,0.0000
1191387727.0000,15709.0000,578.0000,726865.0000,294193325.0000,4138.0000,198129428.0000,0.0000,0.0000,1301657923.0000,103341566.0000,758188882.0000,732.0000,106591499.0000,111475706.0000,244539.0000,0.0000,0.0000,1462228570.0000,2031515.0000,1462228570.0000,125050208.0000,358257090.0000,506867999.0000,1026127.0000,0.0000,0.0000,884810974.0000,1729591.0000,127071.0000,62077.0000,693413.0000,442405477.0000,513912.0000,0.0000,0.0000,922398142.0000,159226.0000,37119.0000,187.0000,0.0000,0.0000,0.0000,0.0000,0.0000
1113007497.0000,108137.0000,1276.0000,797994.0000,270955109.0000,4459.0000,181020601.0000,0.0000,0.0000,1048860634.0000,82217598.0000,624901407.0000,2022.0000,87110891.0000,93784451.0000,402695.0000,0.0000,0.0000,1264797949.0000,1745956.0000,1264797949.0000,108680553.0000,310308144.0000,439657814.0000,899013.0000,0.0000,0.0000,1186141380.0000,1963079.0000,158360.0000,83895.0000,829731.0000,593070668.0000,641103.0000,0.0000,0.0000,1349954075.0000,242019.0000,15014.0000,253.0000,0.0000,0.0000,0.0000,0.0000,0.0000
1064297511.0000,108525.0000,1374.0000,678323.0000,260488939.0000,4409.0000,175859162.0000,0.0000,0.0000,877436798.0000,68257317.0000,523651024.0000,1987.0000,72230392.0000,77959001.0000,644505.0000,0.0000,0.0000,952622898.0000,1408906.0000,952622898.0000,85641164.0000,231875075.0000,333889955.0000,1050853.0000,0.0000,0.0000,1002920367.0000,1705779.0000,138055.0000,67845.0000,870899.0000,501460204.0000,555157.0000,0.0000,0.0000,879053827.0000,163289.0000,102753.0000,155.0000,0.0000,0.0000,0.0000,0.0000,0.0000
1054247050.0000,108275.0000,1420.0000,657995.0000,256997018.0000,4300.0000,172815332.0000,0.0000,0.0000,976304289.0000,76688492.0000,582605692.0000,2036.0000,80625094.0000,86841313.0000,484462.0000,0.0000,0.0000,862539619.0000,1283397.0000,862539619.0000,79529807.0000,212506654.0000,306621680.0000,655430.0000,0.0000,0.0000,1101721365.0000,2049156.0000,145867.0000,77125.0000,876701.0000,550860680.0000,593187.0000,0.0000,0.0000,879164688.0000,142473.0000,37567.0000,182.0000,0.0000,0.0000,0.0000,0.0000,0.0000
925772356.0000,111914.0000,1732.0000,726798.0000,227773324.0000,4401.0000,153139257.0000,0.0000,0.0000,1017832495.0000,78618999.0000,613434347.0000,2062.0000,85160566.0000,93888744.0000,1098951.0000,0.0000,0.0000,858935007.0000,1284416.0000,858935007.0000,83693941.0000,211830219.0000,310842040.0000,634579.0000,0.0000,0.0000,1170617202.0000,2124869.0000,134437.0000,76030.0000,760887.0000,585308587.0000,545189.0000,0.0000,0.0000,904746410.0000,183812.0000,37784.0000,205.0000,0.0000,0.0000,0.0000,0.0000,0.0000
1004079569.0000,110892.0000,1282.0000,574171.0000,247357606.0000,4331.0000,166589692.0000,0.0000,0.0000,971599216.0000,73996602.0000,602070485.0000,1970.0000,83612344.0000,95218525.0000,873449.0000,0.0000,0.0000,903382509.0000,1351176.0000,903382509.0000,87324084.0000,221994151.0000,325077912.0000,673250.0000,0.0000,0.0000,822445933.0000,1428059.0000,120014.0000,59329.0000,643390.0000,411222939.0000,484684.0000,0.0000,0.0000,773823412.0000,148910.0000,37388.0000,191.0000,0.0000,0.0000,0.0000,0.0000,0.0000
1137782211.0000,80325.0000,1231.0000,855929.0000,279958434.0000,4515.0000,189015682.0000,0.0000,0.0000,785074245.0000,58191142.0000,502585028.0000,2021.0000,70127841.0000,83932484.0000,1033501.0000,0.0000,0.0000,845988711.0000,1304385.0000,845988711.0000,91503646.0000,210169697.0000,316574301.0000,684228.0000,0.0000,0.0000,1006437087.0000,1670054.0000,133966.0000,68214.0000,708680.0000,503218516.0000,544004.0000,0.0000,0.0000,791008690.0000,134383.0000,37199.0000,172.0000,0.0000,0.0000,0.0000,0.0000,0.0000
