4966855.0000,19551.0000,339.0000,6109.0000,2386914.0000,497.0000,1691233.0000,0.0000,0.0000,4914070.0000,682772.0000,4315444.0000,267.0000,422762.0000,727098.0000,126.0000,0.0000,0.0000,4480022.0000,24683.0000,4480022.0000,891208.0000,2352766.0000,2856424.0000,5194.0000,0.0000,0.0000,5034185.0000,36134.0000,5318.0000,1508.0000,22424.0000,2515002.0000,21487.0000,0.0000,0.0000,4581952.0000,341.0000,82231.0000,2.0000,0.0000,0.0000,0.0000,0.0000,0.0000
308242234.0000,124785.0000,1889.0000,77213.0000,88091629.0000,7423.0000,49634079.0000,0.0000,0.0000,312922463.0000,28143237.0000,215104833.0000,7454.0000,27815025.0000,42161027.0000,16270.0000,0.0000,0.0000,308062297.0000,320233.0000,308062297.0000,52222139.0000,90824972.0000,127895760.0000,413603.0000,0.0000,0.0000,309082931.0000,973988.0000,369943.0000,250125.0000,1544730.0000,154540952.0000,1477470.0000,0.0000,0.0000,308815107.0000,69348.0000,2731413.0000,54.0000,0.0000,0.0000,0.0000,0.0000,0.0000
312981298.0000,110829.0000,1413.0000,64240.0000,90005090.0000,6888.0000,50682014.0000,0.0000,0.0000,313943678.0000,28118568.0000,215391251.0000,7123.0000,28004547.0000,42323643.0000,13754.0000,0.0000,0.0000,313423677.0000,307608.0000,313423677.0000,53400774.0000,92899717.0000,130477672.0000,405692.0000,0.0000,0.0000,314388690.0000,958234.0000,369613.0000,246917.0000,1506353.0000,157193849.0000,1476696.0000,0.0000,0.0000,314487712.0000,26500.0000,2801649.0000,54.0000,0.0000,0.0000,0.0000,0.0000,0.0000
313433622.0000,112202.0000,1399.0000,62923.0000,90094210.0000,6838.0000,50732352.0000,0.0000,0.0000,313968941.0000,28131804.0000,215491604.0000,7118.0000,28016945.0000,42342706.0000,13757.0000,0.0000,0.0000,313429286.0000,306543.0000,313429286.0000,53411857.0000,92915186.0000,130497294.0000,404468.0000,0.0000,0.0000,313999003.0000,941857.0000,365252.0000,254351.0000,1485363.0000,156998958.0000,1459292.0000,0.0000,0.0000,314184044.0000,28246.0000,2800515.0000,56.0000,0.0000,0.0000,0.0000,0.0000,0.0000
313415289.0000,114317.0000,1109.0000,62968.0000,90113383.0000,6669.0000,50744201.0000,0.0000,0.0000,314113811.0000,28150973.0000,215638941.0000,7132.0000,28037251.0000,42372628.0000,13755.0000,0.0000,0.0000,313525713.0000,306924.0000,313525713.0000,53417228.0000,92925150.0000,130521075.0000,404984.0000,0.0000,0.0000,318133230.0000,952667.0000,367441.0000,256429.0000,1520609.0000,159066170.0000,1469215.0000,0.0000,0.0000,318347257.0000,52842.0000,2885176.0000,54.0000,0.0000,0.0000,0.0000,0.0000,0.0000
313820188.0000,113633.0000,1723.0000,63861.0000,90245495.0000,7046.0000,50818111.0000,0.0000,0.0000,314342447.0000,28162700.0000,215728314.0000,7124.0000,28049104.0000,42390230.0000,13755.0000,0.0000,0.0000,317674736.0000,326711.0000,317674736.0000,54298510.0000,95237376.0000,133279156.0000,409997.0000,0.0000,0.0000,314176227.0000,944631.0000,365058.0000,256430.0000,1481270.0000,157087635.0000,1458475.0000,0.0000,0.0000,314327653.0000,23780.0000,2804347.0000,52.0000,0.0000,0.0000,0.0000,0.0000,0.0000
313886610.0000,110748.0000,1159.0000,63847.0000,90283982.0000,6633.0000,50839159.0000,0.0000,0.0000,322005532.0000,28733956.0000,220498671.0000,7182.0000,28528444.0000,43411181.0000,13764.0000,0.0000,0.0000,313747538.0000,307280.0000,313747538.0000,53471772.0000,93020485.0000,130646521.0000,403536.0000,0.0000,0.0000,314445448.0000,940908.0000,366233.0000,255610.0000,1487877.0000,157222232.0000,1463142.0000,0.0000,0.0000,314845890.0000,29250.0000,2807740.0000,55.0000,0.0000,0.0000,0.0000,0.0000,0.0000
314037758.0000,113588.0000,1329.0000,68625.0000,90306264.0000,7057.0000,50852383.0000,0.0000,0.0000,314941745.0000,28209343.0000,216080203.0000,7133.0000,28094334.0000,42458797.0000,13758.0000,0.0000,0.0000,313880242.0000,308251.0000,313880242.0000,53498984.0000,93070132.0000,130718381.0000,402550.0000,0.0000,0.0000,314279988.0000,934191.0000,365520.0000,256676.0000,1484874.0000,157139524.0000,1460338.0000,0.0000,0.0000,314899143.0000,30207.0000,2807824.0000,52.0000,0.0000,0.0000,0.0000,0.0000,0.0000
314115960.0000,113023.0000,1499.0000,67056.0000,90346026.0000,6861.0000,50874390.0000,0.0000,0.0000,315198827.0000,28237609.0000,216294468.0000,7138.0000,28122507.0000,42501024.0000,13756.0000,0.0000,0.0000,313774142.0000,307249.0000,313774142.0000,53487293.0000,93047388.0000,130683827.0000,402520.0000,0.0000,0.0000,314764128.0000,939263.0000,366587.0000,257057.0000,1489327.0000,157381604.0000,1464511.0000,0.0000,0.0000,318968421.0000,32580.0000,2890197.0000,55.0000,0.0000,0.0000,0.0000,0.0000,0.0000
317944329.0000,114980.0000,1479.0000,65949.0000,92565597.0000,7092.0000,52464893.0000,0.0000,0.0000,315059393.0000,28229985.0000,216240144.0000,7125.0000,28115295.0000,42490340.0000,13755.0000,0.0000,0.0000,314184884.0000,308284.0000,314184884.0000,53534872.0000,93132686.0000,130814537.0000,405117.0000,0.0000,0.0000,318626847.0000,947510.0000,367545.0000,257371.0000,1518347.0000,159312950.0000,1468640.0000,0.0000,0.0000,314989196.0000,57203.0000,2809479.0000,54.0000,0.0000,0.0000,0.0000,0.0000,0.0000
314146306.0000,110472.0000,1293.0000,64212.0000,90361446.0000,6788.0000,50882399.0000,0.0000,0.0000,318939181.0000,28865928.0000,220249578.0000,7166.0000,28505957.0000,43165155.0000,13764.0000,0.0000,0.0000,318250685.0000,327628.0000,318250685.0000,54409096.0000,95430049.0000,133549274.0000,409246.0000,0.0000,0.0000,314741949.0000,939371.0000,366489.0000,258174.0000,1489970.0000,157370535.0000,1464206.0000,0.0000,0.0000,314975205.0000,56833.0000,2810261.0000,57.0000,0.0000,0.0000,0.0000,0.0000,0.0000
314113592.0000,110333.0000,961.0000,62978.0000,90355882.0000,6696.0000,50878963.0000,0.0000,0.0000,314770836.0000,28213770.0000,216119985.0000,7123.0000,28100084.0000,42467164.0000,13759.0000,0.0000,0.0000,314206207.0000,308310.0000,314206207.0000,53560933.0000,93176623.0000,130870069.0000,403971.0000,0.0000,0.0000,314573246.0000,943170.0000,365989.0000,257061.0000,1485820.0000,157286144.0000,1462177.0000,0.0000,0.0000,315038590.0000,53587.0000,2810158.0000,51.0000,0.0000,0.0000,0.0000,0.0000,0.0000
313940205.0000,114768.0000,1270.0000,68283.0000,90298093.0000,6781.0000,50847101.0000,0.0000,0.0000,315153312.0000,28238664.0000,216305424.0000,7134.0000,28124415.0000,42503674.0000,13755.0000,0.0000,0.0000,314471957.0000,308297.0000,314471957.0000,53580882.0000,93212521.0000,130925513.0000,409959.0000,0.0000,0.0000,314884987.0000,943116.0000,366868.0000,258696.0000,1489926.0000,157441993.0000,1465562.0000,0.0000,0.0000,315078155.0000,52623.0000,2811026.0000,54.0000,0.0000,0.0000,0.0000,0.0000,0.0000
291651099.0000,119837.0000,1642.0000,2665232.0000,31160983.0000,4222478.0000,18777008.0000,0.0000,0.0000,287448791.0000,8759623.0000,58328030.0000,15382.0000,6057945.0000,9512848.0000,13808.0000,0.0000,0.0000,289154227.0000,141198.0000,289154227.0000,12568404.0000,28632140.0000,38224854.0000,3170215.0000,0.0000,0.0000,292724247.0000,6655779.0000,882903.0000,509437.0000,3552398.0000,146361698.0000,3486460.0000,0.0000,0.0000,289948558.0000,58315.0000,435905.0000,54.0000,0.0000,0.0000,0.0000,0.0000,0.0000
281104689.0000,114030.0000,1361.0000,3763188.0000,14579726.0000,5005197.0000,8738760.0000,0.0000,0.0000,283369486.0000,5451922.0000,25020041.0000,16212.0000,1276203.0000,1773923.0000,13752.0000,0.0000,0.0000,285953703.0000,127782.0000,285953703.0000,2731472.0000,16756826.0000,18669553.0000,4027739.0000,0.0000,0.0000,282541090.0000,8751262.0000,959073.0000,545500.0000,3820319.0000,141270055.0000,3784001.0000,0.0000,0.0000,279478829.0000,16656.0000,37169.0000,46.0000,0.0000,0.0000,0.0000,0.0000,0.0000
279547072.0000,112420.0000,1762.0000,3320078.0000,14726411.0000,5061865.0000,8826960.0000,0.0000,0.0000,281357636.0000,5606297.0000,25620268.0000,16679.0000,1296622.0000,1794184.0000,13756.0000,0.0000,0.0000,277784666.0000,108628.0000,277784666.0000,1916340.0000,15292041.0000,16688959.0000,2604711.0000,0.0000,0.0000,279918566.0000,6817840.0000,1001442.0000,565793.0000,3993914.0000,139958874.0000,3950125.0000,0.0000,0.0000,280248598.0000,44424.0000,37184.0000,49.0000,0.0000,0.0000,0.0000,0.0000,0.0000
283951908.0000,112330.0000,1204.0000,4618740.0000,13936140.0000,4751483.0000,8352323.0000,0.0000,0.0000,281778702.0000,5589606.0000,25548514.0000,16620.0000,1292993.0000,1789542.0000,13754.0000,0.0000,0.0000,280716299.0000,107827.0000,280716299.0000,1885148.0000,14698357.0000,16152944.0000,3696918.0000,0.0000,0.0000,279931106.0000,6698602.0000,997207.0000,557743.0000,3979160.0000,139965084.0000,3933464.0000,0.0000,0.0000,279354336.0000,48227.0000,37196.0000,50.0000,0.0000,0.0000,0.0000,0.0000,0.0000
284885016.0000,112548.0000,1742.0000,4611957.0000,13769455.0000,4688261.0000,8251868.0000,0.0000,0.0000,283158865.0000,5454014.0000,25029512.0000,16220.0000,1276887.0000,1774745.0000,13755.0000,0.0000,0.0000,279119898.0000,107245.0000,279119898.0000,1899707.0000,15001928.0000,16417266.0000,2911183.0000,0.0000,0.0000,281874776.0000,7589901.0000,971955.0000,550896.0000,3883903.0000,140936892.0000,3834415.0000,0.0000,0.0000,285815649.0000,53883.0000,119014.0000,51.0000,0.0000,0.0000,0.0000,0.0000,0.0000
283775923.0000,125090.0000,1784.0000,3027575.0000,17256825.0000,5144313.0000,10602016.0000,0.0000,0.0000,285204248.0000,5302584.0000,24439176.0000,15784.0000,1257116.0000,1754973.0000,13747.0000,0.0000,0.0000,284377568.0000,108908.0000,284377568.0000,1868859.0000,14078950.0000,15616805.0000,4138552.0000,0.0000,0.0000,288396190.0000,8559181.0000,936598.0000,543065.0000,3746129.0000,144197743.0000,3697189.0000,0.0000,0.0000,281946231.0000,48694.0000,37174.0000,44.0000,0.0000,0.0000,0.0000,0.0000,0.0000
429707717.0000,118408.0000,2137.0000,5716133.0000,22420525.0000,8103821.0000,13441293.0000,0.0000,0.0000,397877687.0000,8025130.0000,35000943.0000,20612.0000,1604990.0000,2101063.0000,13756.0000,0.0000,0.0000,505817779.0000,135214.0000,505817779.0000,3314214.0000,28353592.0000,29197049.0000,6476722.0000,0.0000,0.0000,460532756.0000,12174820.0000,1808562.0000,986686.0000,9202553.0000,230265842.0000,7151643.0000,0.0000,0.0000,587423282.0000,3170089.0000,37192.0000,106.0000,0.0000,0.0000,0.0000,0.0000,0.0000
1344004781.0000,153206.0000,3330.0000,20370305.0000,69322756.0000,26677741.0000,41578623.0000,0.0000,0.0000,1306698291.0000,27941344.0000,112117388.0000,55409.0000,4119333.0000,4579555.0000,13763.0000,0.0000,0.0000,1300969886.0000,145901.0000,1300969886.0000,4528929.0000,66968772.0000,63719164.0000,20539094.0000,0.0000,0.0000,1252200863.0000,36858356.0000,5521903.0000,2853491.0000,32140758.0000,626099255.0000,21873217.0000,0.0000,0.0000,1320515053.0000,10424804.0000,37160.0000,245.0000,0.0000,0.0000,0.0000,0.0000,0.0000
1377764960.0000,157212.0000,3883.0000,12927876.0000,186708325.0000,12834105.0000,102402813.0000,0.0000,0.0000,1375706821.0000,20991689.0000,302854881.0000,32139.0000,15986948.0000,17992836.0000,14317.0000,0.0000,0.0000,1384926076.0000,1816304.0000,1384926076.0000,20422602.0000,193951460.0000,192918838.0000,14190702.0000,0.0000,0.0000,1369964337.0000,30088052.0000,5182034.0000,2533472.0000,29060210.0000,684981795.0000,20688189.0000,0.0000,0.0000,1404427542.0000,7271706.0000,40532.0000,271.0000,0.0000,0.0000,0.0000,0.0000,0.0000
1535963542.0000,144008.0000,3298.0000,12165741.0000,310575734.0000,1105123.0000,166332703.0000,0.0000,0.0000,1534646875.0000,16526008.0000,548962279.0000,6878.0000,30813713.0000,34672722.0000,14942.0000,0.0000,0.0000,1535500214.0000,3341433.0000,1535500214.0000,35211382.0000,315483363.0000,315134469.0000,13681375.0000,0.0000,0.0000,1538824259.0000,28427452.0000,4561835.0000,2144845.0000,24469680.0000,769411818.0000,18408977.0000,0.0000,0.0000,1538957570.0000,6114222.0000,42662.0000,318.0000,0.0000,0.0000,0.0000,0.0000,0.0000
1538004464.0000,140105.0000,3168.0000,12210876.0000,307980642.0000,1116744.0000,164956792.0000,0.0000,0.0000,1532538009.0000,16315748.0000,537481951.0000,7412.0000,30156716.0000,33939035.0000,14922.0000,0.0000,0.0000,1535824204.0000,3268638.0000,1535824204.0000,34468209.0000,308865480.0000,308656986.0000,13202794.0000,0.0000,0.0000,1534907862.0000,27358111.0000,4584121.0000,2140578.0000,24202157.0000,767453688.0000,18463003.0000,0.0000,0.0000,1533171421.0000,5975705.0000,42685.0000,300.0000,0.0000,0.0000,0.0000,0.0000,0.0000
1561433666.0000,135784.0000,3337.0000,12530759.0000,308034238.0000,1959285.0000,164675651.0000,0.0000,0.0000,1561961450.0000,17328627.0000,552469873.0000,3953.0000,30916170.0000,34779174.0000,14952.0000,0.0000,0.0000,1558900787.0000,3222851.0000,1558900787.0000,34175198.0000,308745526.0000,307580520.0000,13514870.0000,0.0000,0.0000,1561084763.0000,28200723.0000,4724446.0000,2272692.0000,24853756.0000,780542251.0000,19037063.0000,0.0000,0.0000,1558423318.0000,6304634.0000,42612.0000,321.0000,0.0000,0.0000,0.0000,0.0000,0.0000
1571149339.0000,129360.0000,2913.0000,12292740.0000,317262737.0000,1311303.0000,170002574.0000,0.0000,0.0000,1571548405.0000,17172152.0000,555084132.0000,2677.0000,31086678.0000,34971530.0000,14957.0000,0.0000,0.0000,1573540472.0000,3451409.0000,1573540472.0000,36399537.0000,326384254.0000,325992095.0000,13407125.0000,0.0000,0.0000,1572222143.0000,28025489.0000,4797219.0000,2266978.0000,25134788.0000,786110947.0000,19343770.0000,0.0000,0.0000,1574946464.0000,5982945.0000,42892.0000,309.0000,0.0000,0.0000,0.0000,0.0000,0.0000
1547127851.0000,130000.0000,2781.0000,13458361.0000,308606224.0000,1111847.0000,165322640.0000,0.0000,0.0000,1594729848.0000,16869375.0000,556383545.0000,2704.0000,31200139.0000,35103525.0000,14956.0000,0.0000,0.0000,1566413752.0000,3260587.0000,1566413752.0000,34446306.0000,309042693.0000,308652463.0000,15176947.0000,0.0000,0.0000,1570557142.0000,30782572.0000,4712680.0000,2198352.0000,24799114.0000,785278461.0000,18993409.0000,0.0000,0.0000,1542957561.0000,5766319.0000,42568.0000,318.0000,0.0000,0.0000,0.0000,0.0000,0.0000
1543596636.0000,130005.0000,2949.0000,13482758.0000,304174542.0000,1517590.0000,162730967.0000,0.0000,0.0000,1561515014.0000,16891287.0000,543748825.0000,3980.0000,30455501.0000,34267553.0000,14930.0000,0.0000,0.0000,1562016109.0000,3242829.0000,1562016109.0000,34346920.0000,309731752.0000,308736249.0000,14520987.0000,0.0000,0.0000,1542587574.0000,30262795.0000,4627515.0000,2145147.0000,24349527.0000,771293820.0000,18639983.0000,0.0000,0.0000,1540296469.0000,6081761.0000,42574.0000,295.0000,0.0000,0.0000,0.0000,0.0000,0.0000
1568939647.0000,130543.0000,2984.0000,12467764.0000,314628943.0000,1744647.0000,168460586.0000,0.0000,0.0000,1564292131.0000,17385868.0000,555229640.0000,3475.0000,31073239.0000,34954163.0000,14958.0000,0.0000,0.0000,1571732880.0000,3425064.0000,1571732880.0000,36158995.0000,324742454.0000,324191586.0000,13762347.0000,0.0000,0.0000,1545923136.0000,28890704.0000,4495939.0000,2074809.0000,23720244.0000,772961474.0000,18118358.0000,0.0000,0.0000,1569147976.0000,5588772.0000,42945.0000,320.0000,0.0000,0.0000,0.0000,0.0000,0.0000
1566675406.0000,133390.0000,3091.0000,13468474.0000,316146410.0000,1105041.0000,169344746.0000,0.0000,0.0000,1544154470.0000,16668938.0000,546628021.0000,2960.0000,30650088.0000,34490898.0000,14938.0000,0.0000,0.0000,1562637374.0000,3353448.0000,1562637374.0000,35363130.0000,316845644.0000,316556621.0000,14742803.0000,0.0000,0.0000,1538305238.0000,29076902.0000,4621253.0000,2209909.0000,24692123.0000,769152583.0000,18682678.0000,0.0000,0.0000,1563497369.0000,5785765.0000,42657.0000,318.0000,0.0000,0.0000,0.0000,0.0000,0.0000
1593239843.0000,129362.0000,2753.0000,14038021.0000,323883969.0000,1405647.0000,173267115.0000,0.0000,0.0000,1543512339.0000,16600731.0000,560695463.0000,3195.0000,31480552.0000,35418246.0000,14961.0000,0.0000,0.0000,1566840477.0000,3271948.0000,1566840477.0000,34710884.0000,313590151.0000,312432473.0000,14561019.0000,0.0000,0.0000,1564911050.0000,30569340.0000,4595518.0000,2193351.0000,24330977.0000,782455573.0000,18551604.0000,0.0000,0.0000,1568424437.0000,6182321.0000,42789.0000,281.0000,0.0000,0.0000,0.0000,0.0000,0.0000
1548879272.0000,129520.0000,2882.0000,12007702.0000,299335049.0000,1037350.0000,158622903.0000,0.0000,0.0000,1526902004.0000,16977875.0000,491538685.0000,4744.0000,27285227.0000,30711572.0000,14795.0000,0.0000,0.0000,1532982889.0000,3258939.0000,1532982889.0000,34363833.0000,309880044.0000,307673334.0000,13227268.0000,0.0000,0.0000,1570901487.0000,29490218.0000,4604118.0000,2128093.0000,24121848.0000,785450667.0000,18549543.0000,0.0000,0.0000,1571693790.0000,5669424.0000,42837.0000,307.0000,0.0000,0.0000,0.0000,0.0000,0.0000
1468426946.0000,132197.0000,3238.0000,12773734.0000,213068642.0000,7055355.0000,113547070.0000,0.0000,0.0000,1525553873.0000,17659558.0000,453271716.0000,10350.0000,25056594.0000,28207514.0000,14695.0000,0.0000,0.0000,1437845512.0000,1777629.0000,1437845512.0000,19968018.0000,190537264.0000,187386122.0000,12725218.0000,0.0000,0.0000,1395086876.0000,24276900.0000,5090282.0000,2443890.0000,27365776.0000,697543313.0000,20383233.0000,0.0000,0.0000,1434267072.0000,8094559.0000,40122.0000,274.0000,0.0000,0.0000,0.0000,0.0000,0.0000
1496728307.0000,143220.0000,2993.0000,14652551.0000,269698425.0000,3736936.0000,145144912.0000,0.0000,0.0000,1524488755.0000,17366287.0000,448885445.0000,10849.0000,24807072.0000,27931803.0000,14686.0000,0.0000,0.0000,1541391059.0000,3217003.0000,1541391059.0000,33997160.0000,305528453.0000,305008306.0000,15018714.0000,0.0000,0.0000,1531141313.0000,29038215.0000,4710126.0000,2207031.0000,25202250.0000,765570611.0000,18978695.0000,0.0000,0.0000,1535772965.0000,5503772.0000,42331.0000,311.0000,0.0000,0.0000,0.0000,0.0000,0.0000
1560324167.0000,137855.0000,2957.0000,13799463.0000,305310688.0000,1115468.0000,163311161.0000,0.0000,0.0000,1562562806.0000,16192874.0000,544086738.0000,3821.0000,30566559.0000,34404602.0000,14935.0000,0.0000,0.0000,1556177758.0000,3195056.0000,1556177758.0000,33799859.0000,303546213.0000,303208353.0000,15102680.0000,0.0000,0.0000,1505036799.0000,27966108.0000,4710407.0000,2225212.0000,24615385.0000,752518257.0000,18992091.0000,0.0000,0.0000,1557819946.0000,6119262.0000,42515.0000,281.0000,0.0000,0.0000,0.0000,0.0000,0.0000
1562766654.0000,133696.0000,2669.0000,14144855.0000,306732319.0000,1625611.0000,164438830.0000,0.0000,0.0000,1563427749.0000,16683543.0000,530164179.0000,3733.0000,29675613.0000,33401040.0000,14896.0000,0.0000,0.0000,1564621952.0000,3266911.0000,1564621952.0000,34539955.0000,310404659.0000,309708947.0000,15035404.0000,0.0000,0.0000,1538922427.0000,29093541.0000,4531536.0000,2115106.0000,23882509.0000,769460991.0000,18299571.0000,0.0000,0.0000,1588976590.0000,5843236.0000,42665.0000,273.0000,0.0000,0.0000,0.0000,0.0000,0.0000
1569942837.0000,130396.0000,2766.0000,14158862.0000,301009485.0000,1632468.0000,161062572.0000,0.0000,0.0000,1564292060.0000,16700543.0000,534409607.0000,3111.0000,29921602.0000,33674514.0000,14903.0000,0.0000,0.0000,1569906350.0000,3410093.0000,1569906350.0000,35876745.0000,320415265.0000,320459882.0000,15711991.0000,0.0000,0.0000,1391853865.0000,27582609.0000,4139846.0000,1946797.0000,22006074.0000,695926734.0000,16705698.0000,0.0000,0.0000,1570323872.0000,5687853.0000,42774.0000,309.0000,0.0000,0.0000,0.0000,0.0000,0.0000
1570346475.0000,127962.0000,2678.0000,13578400.0000,312240912.0000,1122726.0000,167229408.0000,0.0000,0.0000,1571107282.0000,16428828.0000,545115307.0000,2575.0000,30593155.0000,34432306.0000,14931.0000,0.0000,0.0000,1466968843.0000,2891213.0000,1466968843.0000,30738393.0000,277260976.0000,276358800.0000,14081532.0000,0.0000,0.0000,1584900412.0000,29465061.0000,4811911.0000,2282588.0000,25475546.0000,792450160.0000,19430538.0000,0.0000,0.0000,1571089971.0000,5913280.0000,42611.0000,309.0000,0.0000,0.0000,0.0000,0.0000,0.0000
1517990649.0000,130829.0000,2772.0000,13279510.0000,295331800.0000,1640853.0000,158417937.0000,0.0000,0.0000,1566063571.0000,16848191.0000,546040305.0000,3213.0000,30589510.0000,34419570.0000,14929.0000,0.0000,0.0000,1575549204.0000,3293691.0000,1575549204.0000,34858304.0000,313866523.0000,313018471.0000,15075941.0000,0.0000,0.0000,1566136807.0000,30946360.0000,4571930.0000,2167186.0000,24255867.0000,783068299.0000,18467640.0000,0.0000,0.0000,1542883452.0000,5852230.0000,42531.0000,275.0000,0.0000,0.0000,0.0000,0.0000,0.0000
1566652602.0000,130882.0000,2742.0000,14438458.0000,312957122.0000,1111321.0000,167653293.0000,0.0000,0.0000,1539908786.0000,16625262.0000,535073070.0000,3720.0000,29965654.0000,33724442.0000,14917.0000,0.0000,0.0000,1568123439.0000,3443001.0000,1568123439.0000,36253958.0000,324157695.0000,324048665.0000,15404680.0000,0.0000,0.0000,1560250685.0000,29684434.0000,4618474.0000,2184496.0000,24470355.0000,780125337.0000,18653322.0000,0.0000,0.0000,1567510731.0000,5594050.0000,42904.0000,303.0000,0.0000,0.0000,0.0000,0.0000,0.0000
1562792305.0000,133472.0000,3085.0000,13543999.0000,307411714.0000,1637893.0000,164512452.0000,0.0000,0.0000,1566148860.0000,16955451.0000,545651819.0000,3225.0000,30567748.0000,34393897.0000,14932.0000,0.0000,0.0000,1563839638.0000,3228704.0000,1563839638.0000,34209165.0000,308501707.0000,307565997.0000,14902298.0000,0.0000,0.0000,1568267780.0000,28377801.0000,4613171.0000,2182732.0000,24468323.0000,784133928.0000,18634529.0000,0.0000,0.0000,1542250176.0000,5900088.0000,42565.0000,281.0000,0.0000,0.0000,0.0000,0.0000,0.0000
1566268035.0000,132049.0000,2839.0000,13724071.0000,317180463.0000,1104349.0000,169925537.0000,0.0000,0.0000,1566982515.0000,16633963.0000,555968778.0000,3197.0000,31207444.0000,35115487.0000,14956.0000,0.0000,0.0000,1569853760.0000,3383399.0000,1569853760.0000,35702342.0000,320457450.0000,319799982.0000,15181798.0000,0.0000,0.0000,1565963490.0000,29999569.0000,4566027.0000,2200216.0000,24442556.0000,782981685.0000,18499691.0000,0.0000,0.0000,1546330013.0000,5386966.0000,42746.0000,291.0000,0.0000,0.0000,0.0000,0.0000,0.0000
1568065455.0000,130633.0000,2898.0000,13636802.0000,305581953.0000,1117047.0000,163134500.0000,0.0000,0.0000,1568338802.0000,17855925.0000,511538413.0000,2959.0000,28415392.0000,31968040.0000,14835.0000,0.0000,0.0000,1564711754.0000,3295250.0000,1564711754.0000,34803427.0000,312235683.0000,311941336.0000,15613811.0000,0.0000,0.0000,1521537321.0000,29646129.0000,4548225.0000,2137955.0000,24134653.0000,760768697.0000,18368157.0000,0.0000,0.0000,1568184398.0000,5944152.0000,42699.0000,284.0000,0.0000,0.0000,0.0000,0.0000,0.0000
1590703747.0000,125475.0000,2566.0000,14537249.0000,263825980.0000,6499839.0000,140025288.0000,0.0000,0.0000,1567718521.0000,18345117.0000,524845876.0000,2954.0000,29158409.0000,32795043.0000,14866.0000,0.0000,0.0000,1576374973.0000,2238787.0000,1576374973.0000,24907998.0000,238886531.0000,232710199.0000,13771147.0000,0.0000,0.0000,1592484533.0000,29627384.0000,5079240.0000,2547407.0000,26399708.0000,796242245.0000,20461300.0000,0.0000,0.0000,1548876581.0000,7257161.0000,41068.0000,303.0000,0.0000,0.0000,0.0000,0.0000,0.0000
1569681950.0000,127049.0000,2666.0000,14102551.0000,288566349.0000,2537523.0000,154056684.0000,0.0000,0.0000,1594067651.0000,18000534.0000,438174820.0000,2699.0000,24059970.0000,27090943.0000,14658.0000,0.0000,0.0000,1517232158.0000,3162317.0000,1517232158.0000,33495581.0000,300432286.0000,300498321.0000,14957029.0000,0.0000,0.0000,1568414435.0000,29956576.0000,5341578.0000,2645172.0000,28390934.0000,784207109.0000,21495424.0000,0.0000,0.0000,1571137496.0000,6038148.0000,42257.0000,307.0000,0.0000,0.0000,0.0000,0.0000,0.0000
1568944467.0000,127869.0000,3414.0000,14658607.0000,287497969.0000,3608088.0000,154440277.0000,0.0000,0.0000,1567898083.0000,16574169.0000,544509535.0000,2731.0000,30539328.0000,34368209.0000,14926.0000,0.0000,0.0000,1541619768.0000,3069112.0000,1541619768.0000,32596086.0000,294441660.0000,293354546.0000,14611891.0000,0.0000,0.0000,1568661015.0000,28704580.0000,4703155.0000,2230229.0000,24670492.0000,784330401.0000,18988520.0000,0.0000,0.0000,1541328708.0000,5864308.0000,42427.0000,302.0000,0.0000,0.0000,0.0000,0.0000,0.0000
1571264257.0000,128046.0000,3060.0000,13937693.0000,311975242.0000,1120274.0000,167068856.0000,0.0000,0.0000,1566506993.0000,16616660.0000,544723954.0000,2974.0000,30549331.0000,34380842.0000,14933.0000,0.0000,0.0000,1395504079.0000,2969325.0000,1395504079.0000,31392135.0000,280472709.0000,280367778.0000,13832878.0000,0.0000,0.0000,1590616715.0000,30494272.0000,4718538.0000,2229567.0000,24771382.0000,795308214.0000,19055385.0000,0.0000,0.0000,1573503803.0000,5672021.0000,42760.0000,282.0000,0.0000,0.0000,0.0000,0.0000,0.0000
1570861071.0000,127205.0000,2845.0000,14027218.0000,307092803.0000,1638186.0000,164432081.0000,0.0000,0.0000,1575528495.0000,16815754.0000,537742152.0000,1935.0000,30106798.0000,33881666.0000,14910.0000,0.0000,0.0000,1588939885.0000,3342690.0000,1588939885.0000,35269039.0000,316089377.0000,315732381.0000,15867538.0000,0.0000,0.0000,1597209574.0000,30160533.0000,4848975.0000,2319667.0000,25310757.0000,798604791.0000,19569328.0000,0.0000,0.0000,1576773868.0000,5895242.0000,42742.0000,287.0000,0.0000,0.0000,0.0000,0.0000,0.0000
1576792555.0000,126693.0000,2581.0000,13742572.0000,305277507.0000,1634552.0000,163288303.0000,0.0000,0.0000,1573040994.0000,16747539.0000,534628037.0000,1942.0000,29928067.0000,33680823.0000,14905.0000,0.0000,0.0000,1575046358.0000,3264185.0000,1575046358.0000,34525539.0000,310326017.0000,309652219.0000,15204736.0000,0.0000,0.0000,1574614417.0000,30093821.0000,4607083.0000,2165434.0000,23903101.0000,787307181.0000,18603771.0000,0.0000,0.0000,1553654350.0000,5943992.0000,42415.0000,279.0000,0.0000,0.0000,0.0000,0.0000,0.0000
1552553211.0000,127330.0000,2741.0000,13741317.0000,311383692.0000,610920.0000,166931415.0000,0.0000,0.0000,1574107022.0000,16731085.0000,549363059.0000,1948.0000,30805006.0000,34665285.0000,14943.0000,0.0000,0.0000,1574334758.0000,3315095.0000,1574334758.0000,35010068.0000,314501339.0000,313782911.0000,15344867.0000,0.0000,0.0000,1574840616.0000,30513194.0000,4725992.0000,2231473.0000,24773593.0000,787420286.0000,19092666.0000,0.0000,0.0000,1576180512.0000,5757419.0000,42818.0000,308.0000,0.0000,0.0000,0.0000,0.0000,0.0000
1576104655.0000,123934.0000,2769.0000,14103256.0000,302168231.0000,2154034.0000,161609136.0000,0.0000,0.0000,1573957334.0000,16990852.0000,548908274.0000,1958.0000,30744271.0000,34592087.0000,14925.0000,0.0000,0.0000,1575017624.0000,3314387.0000,1575017624.0000,35077098.0000,315413496.0000,314839305.0000,15146323.0000,0.0000,0.0000,1574827837.0000,29730527.0000,4613132.0000,2205827.0000,24410509.0000,787413896.0000,18653887.0000,0.0000,0.0000,1599321219.0000,5902079.0000,42904.0000,313.0000,0.0000,0.0000,0.0000,0.0000,0.0000
1550500519.0000,126635.0000,2681.0000,14036924.0000,312549470.0000,1106866.0000,167467260.0000,0.0000,0.0000,1575771589.0000,17113726.0000,552203430.0000,1931.0000,30921195.0000,34789642.0000,14942.0000,0.0000,0.0000,1575020626.0000,3347362.0000,1575020626.0000,35371799.0000,317924528.0000,317221025.0000,15164546.0000,0.0000,0.0000,1573027131.0000,29368468.0000,4616610.0000,2171621.0000,24011976.0000,786513551.0000,18631642.0000,0.0000,0.0000,1576705839.0000,5780742.0000,42603.0000,298.0000,0.0000,0.0000,0.0000,0.0000,0.0000
1574397591.0000,125886.0000,2824.0000,13802514.0000,315604102.0000,1127207.0000,169006706.0000,0.0000,0.0000,1572740197.0000,16725825.0000,559205915.0000,1963.0000,31385486.0000,35314405.0000,14965.0000,0.0000,0.0000,1573704445.0000,3364623.0000,1573704445.0000,35534192.0000,319061501.0000,318533901.0000,15232721.0000,0.0000,0.0000,1599856943.0000,30131670.0000,4662808.0000,2283548.0000,24773345.0000,799928471.0000,18889970.0000,0.0000,0.0000,1552187711.0000,5460747.0000,42598.0000,303.0000,0.0000,0.0000,0.0000,0.0000,0.0000
1576390519.0000,123697.0000,2639.0000,13321703.0000,294095891.0000,2993786.0000,156663879.0000,0.0000,0.0000,1577165975.0000,18124582.0000,498818547.0000,1914.0000,27642554.0000,31103416.0000,14808.0000,0.0000,0.0000,1574056452.0000,3322626.0000,1574056452.0000,35157642.0000,316530496.0000,315704911.0000,15027194.0000,0.0000,0.0000,1551477498.0000,29907395.0000,4451027.0000,2152668.0000,23570336.0000,775738716.0000,18008901.0000,0.0000,0.0000,1553805850.0000,5476880.0000,42517.0000,269.0000,0.0000,0.0000,0.0000,0.0000,0.0000
1570282464.0000,128650.0000,2763.0000,13894814.0000,300169357.0000,2224761.0000,160370011.0000,0.0000,0.0000,1593598625.0000,16803796.0000,576598400.0000,2474.0000,32396950.0000,36444138.0000,15006.0000,0.0000,0.0000,1575814804.0000,2513214.0000,1575814804.0000,27375928.0000,255635049.0000,251238152.0000,14352302.0000,0.0000,0.0000,1548654733.0000,29100324.0000,5191340.0000,2460996.0000,26480147.0000,774327331.0000,20881562.0000,0.0000,0.0000,1530372067.0000,6752268.0000,41185.0000,269.0000,0.0000,0.0000,0.0000,0.0000,0.0000
1569216808.0000,125987.0000,2637.0000,14697163.0000,259148030.0000,5359619.0000,138596738.0000,0.0000,0.0000,1568353468.0000,18154265.0000,437700535.0000,2719.0000,24029874.0000,27056748.0000,14649.0000,0.0000,0.0000,1592814294.0000,2824682.0000,1592814294.0000,30383761.0000,277922723.0000,276228218.0000,15566900.0000,0.0000,0.0000,1595181350.0000,30021880.0000,5384284.0000,2584404.0000,28402017.0000,797590614.0000,21677805.0000,0.0000,0.0000,1571310102.0000,6505079.0000,41898.0000,305.0000,0.0000,0.0000,0.0000,0.0000,0.0000
1572858319.0000,127480.0000,2555.0000,14692350.0000,294972906.0000,1841495.0000,157337379.0000,0.0000,0.0000,1571239639.0000,17315251.0000,500926447.0000,2445.0000,27863334.0000,31360167.0000,14813.0000,0.0000,0.0000,1566240097.0000,3258946.0000,1566240097.0000,34471922.0000,310090292.0000,309362371.0000,15130405.0000,0.0000,0.0000,1563133766.0000,29476830.0000,4805554.0000,2285645.0000,25262080.0000,781566739.0000,19384493.0000,0.0000,0.0000,1567278486.0000,6076151.0000,41867.0000,303.0000,0.0000,0.0000,0.0000,0.0000,0.0000
1567824643.0000,130653.0000,2767.0000,14468809.0000,296342787.0000,2452830.0000,158964580.0000,0.0000,0.0000,1570788714.0000,16517708.0000,532650394.0000,2671.0000,29836059.0000,33582263.0000,14902.0000,0.0000,0.0000,1570797664.0000,3302343.0000,1570797664.0000,34862432.0000,312488317.0000,312134164.0000,15962061.0000,0.0000,0.0000,1569851091.0000,29863251.0000,4721091.0000,2238638.0000,24958750.0000,784925435.0000,19059928.0000,0.0000,0.0000,1573690220.0000,6014319.0000,42516.0000,295.0000,0.0000,0.0000,0.0000,0.0000,0.0000
1595671010.0000,128488.0000,2973.0000,14160670.0000,304223266.0000,2140654.0000,162724333.0000,0.0000,0.0000,1570842680.0000,16937822.0000,532820655.0000,2445.0000,29803355.0000,33542021.0000,14906.0000,0.0000,0.0000,1575170441.0000,3207541.0000,1575170441.0000,33948470.0000,305355008.0000,304628400.0000,15740602.0000,0.0000,0.0000,1598534259.0000,31479350.0000,4659023.0000,2216633.0000,24340758.0000,799267083.0000,18818053.0000,0.0000,0.0000,1572557761.0000,5971975.0000,42454.0000,308.0000,0.0000,0.0000,0.0000,0.0000,0.0000
1575641632.0000,127061.0000,2895.0000,14426622.0000,326381462.0000,81383.0000,175045649.0000,0.0000,0.0000,1597242368.0000,16771308.0000,557652811.0000,1958.0000,31291683.0000,35207377.0000,14964.0000,0.0000,0.0000,1598301999.0000,3299775.0000,1598301999.0000,34906525.0000,314131841.0000,313377113.0000,16087491.0000,0.0000,0.0000,1574439789.0000,30803712.0000,4772469.0000,2274673.0000,24736291.0000,787219860.0000,19261965.0000,0.0000,0.0000,1552429642.0000,5674393.0000,42336.0000,305.0000,0.0000,0.0000,0.0000,0.0000,0.0000
1574860455.0000,125212.0000,2760.0000,13700114.0000,297090663.0000,2160212.0000,158893867.0000,0.0000,0.0000,1573618890.0000,16614931.0000,550993419.0000,1961.0000,30914724.0000,34788269.0000,14944.0000,0.0000,0.0000,1552522526.0000,3302414.0000,1552522526.0000,34877257.0000,312805147.0000,312332950.0000,14973472.0000,0.0000,0.0000,1573643659.0000,30754354.0000,4654627.0000,2217886.0000,24496214.0000,786821809.0000,18803174.0000,0.0000,0.0000,1577287032.0000,6257216.0000,42489.0000,283.0000,0.0000,0.0000,0.0000,0.0000,0.0000
1573221277.0000,126930.0000,3082.0000,13697928.0000,306964466.0000,2143879.0000,164368992.0000,0.0000,0.0000,1575524331.0000,17181347.0000,538603471.0000,1942.0000,30105183.0000,33874502.0000,14910.0000,0.0000,0.0000,1574859786.0000,3367025.0000,1574859786.0000,35531584.0000,318900864.0000,318267596.0000,14928911.0000,0.0000,0.0000,1574332596.0000,29893530.0000,4573526.0000,2185110.0000,24115363.0000,787166279.0000,18504171.0000,0.0000,0.0000,1575846467.0000,5860464.0000,42599.0000,299.0000,0.0000,0.0000,0.0000,0.0000,0.0000
1575410854.0000,126874.0000,2786.0000,14670870.0000,324741814.0000,85063.0000,174126075.0000,0.0000,0.0000,1572899013.0000,17019753.0000,556872776.0000,1958.0000,31218266.0000,35123128.0000,14960.0000,0.0000,0.0000,1551201352.0000,3197241.0000,1551201352.0000,33888473.0000,305344498.0000,304570482.0000,15158568.0000,0.0000,0.0000,1571320794.0000,29797299.0000,4687523.0000,2195012.0000,24545343.0000,785660374.0000,18904289.0000,0.0000,0.0000,1575792281.0000,5590471.0000,42682.0000,319.0000,0.0000,0.0000,0.0000,0.0000,0.0000
1575627839.0000,124738.0000,2971.0000,13817162.0000,303941327.0000,2152575.0000,162594658.0000,0.0000,0.0000,1576516275.0000,16821002.0000,550938782.0000,1908.0000,30886345.0000,34754320.0000,14946.0000,0.0000,0.0000,1574174042.0000,3420286.0000,1574174042.0000,36096769.0000,323808912.0000,323305585.0000,15086509.0000,0.0000,0.0000,1574339948.0000,28683563.0000,4659137.0000,2244019.0000,24698012.0000,787169938.0000,18865933.0000,0.0000,0.0000,1552362348.0000,5746271.0000,42384.0000,306.0000,0.0000,0.0000,0.0000,0.0000,0.0000
1573908025.0000,124992.0000,2641.0000,13129571.0000,289536840.0000,3586465.0000,154513716.0000,0.0000,0.0000,1569438330.0000,17602173.0000,496322851.0000,2703.0000,27543339.0000,30996530.0000,14801.0000,0.0000,0.0000,1576076264.0000,3368999.0000,1576076264.0000,35566007.0000,319084957.0000,318649292.0000,15729408.0000,0.0000,0.0000,1465784136.0000,28682974.0000,4224210.0000,2021563.0000,22443441.0000,732892056.0000,17111319.0000,0.0000,0.0000,1600177386.0000,5797972.0000,42613.0000,311.0000,0.0000,0.0000,0.0000,0.0000,0.0000
1568791413.0000,131483.0000,3121.0000,14391416.0000,315418031.0000,709268.0000,169111504.0000,0.0000,0.0000,1572381766.0000,16970182.0000,559362046.0000,2192.0000,31377464.0000,35302326.0000,14971.0000,0.0000,0.0000,1569960473.0000,2687995.0000,1569960473.0000,29024226.0000,268444635.0000,264696549.0000,15127857.0000,0.0000,0.0000,1556363413.0000,31767074.0000,4874695.0000,2303852.0000,25155441.0000,778181708.0000,19633142.0000,0.0000,0.0000,1573114141.0000,5746697.0000,42014.0000,275.0000,0.0000,0.0000,0.0000,0.0000,0.0000
1514456148.0000,127294.0000,2549.0000,13915528.0000,239713562.0000,6277065.0000,127301423.0000,0.0000,0.0000,1566839980.0000,18323757.0000,448037206.0000,3187.0000,24605425.0000,27695304.0000,14662.0000,0.0000,0.0000,1560775951.0000,2674757.0000,1560775951.0000,28945956.0000,266889359.0000,264401075.0000,14924406.0000,0.0000,0.0000,1566784973.0000,29234245.0000,5214942.0000,2506143.0000,27376877.0000,783392464.0000,20986330.0000,0.0000,0.0000,1564738768.0000,7398559.0000,41446.0000,293.0000,0.0000,0.0000,0.0000,0.0000,0.0000
1567228726.0000,132773.0000,3084.0000,14831809.0000,324408944.0000,77193.0000,174016465.0000,0.0000,0.0000,1559996651.0000,17388199.0000,503952978.0000,4006.0000,28037092.0000,31552935.0000,14825.0000,0.0000,0.0000,1552736597.0000,3141768.0000,1552736597.0000,33375942.0000,301427331.0000,300508840.0000,15012933.0000,0.0000,0.0000,1554848145.0000,29637764.0000,4963145.0000,2347262.0000,26263859.0000,777423977.0000,19982734.0000,0.0000,0.0000,1565545154.0000,5775590.0000,42043.0000,280.0000,0.0000,0.0000,0.0000,0.0000,0.0000
1561272810.0000,133334.0000,2932.0000,13875920.0000,272166267.0000,4213879.0000,145219226.0000,0.0000,0.0000,1560399373.0000,16692487.0000,549165637.0000,4212.0000,30800118.0000,34657765.0000,14945.0000,0.0000,0.0000,1541861994.0000,3297797.0000,1541861994.0000,34827346.0000,312553888.0000,312098661.0000,14791017.0000,0.0000,0.0000,1562003224.0000,28381920.0000,4584750.0000,2138836.0000,24192808.0000,781001472.0000,18494650.0000,0.0000,0.0000,1583010002.0000,6120255.0000,42496.0000,286.0000,0.0000,0.0000,0.0000,0.0000,0.0000
1566700083.0000,132135.0000,2946.0000,13277606.0000,316741572.0000,1348883.0000,169518381.0000,0.0000,0.0000,1566750030.0000,16713320.0000,554572854.0000,3204.0000,31107574.0000,35000963.0000,14951.0000,0.0000,0.0000,1546267249.0000,3363643.0000,1546267249.0000,35468823.0000,317677409.0000,317399661.0000,14489990.0000,0.0000,0.0000,1385576453.0000,25429002.0000,4085771.0000,1912551.0000,21387035.0000,692788162.0000,16487043.0000,0.0000,0.0000,1568731243.0000,5855718.0000,42500.0000,323.0000,0.0000,0.0000,0.0000,0.0000,0.0000
1523241695.0000,128307.0000,3044.0000,13274713.0000,309512928.0000,870145.0000,165953255.0000,0.0000,0.0000,1571654026.0000,17140345.0000,548431147.0000,2220.0000,30695918.0000,34535755.0000,14939.0000,0.0000,0.0000,1551110068.0000,3193254.0000,1551110068.0000,33869792.0000,305693129.0000,304571560.0000,14823675.0000,0.0000,0.0000,1609523293.0000,30070853.0000,4808485.0000,2266863.0000,25232562.0000,804761635.0000,19395709.0000,0.0000,0.0000,1574365795.0000,5571743.0000,42677.0000,298.0000,0.0000,0.0000,0.0000,0.0000,0.0000
1596564871.0000,129297.0000,3540.0000,13425960.0000,310090857.0000,2147328.0000,165858291.0000,0.0000,0.0000,1572338830.0000,17289151.0000,552590296.0000,1963.0000,30935206.0000,34802467.0000,14948.0000,0.0000,0.0000,1574436329.0000,3379233.0000,1574436329.0000,35676074.0000,320128752.0000,319692654.0000,15145348.0000,0.0000,0.0000,1572812463.0000,29504752.0000,4721619.0000,2215533.0000,24746040.0000,786406211.0000,19047445.0000,0.0000,0.0000,1551306715.0000,5556325.0000,42423.0000,316.0000,0.0000,0.0000,0.0000,0.0000,0.0000
1575878223.0000,127195.0000,3157.0000,13820909.0000,319514325.0000,1113596.0000,171174752.0000,0.0000,0.0000,1576028181.0000,16881944.0000,562503093.0000,1919.0000,31557572.0000,35503634.0000,14971.0000,0.0000,0.0000,1548324772.0000,3312068.0000,1548324772.0000,34966197.0000,313673342.0000,313225114.0000,15060856.0000,0.0000,0.0000,1576048234.0000,31174348.0000,4526752.0000,2141292.0000,23851026.0000,788024092.0000,18298224.0000,0.0000,0.0000,1576131927.0000,5782277.0000,42543.0000,306.0000,0.0000,0.0000,0.0000,0.0000,0.0000
1621371065.0000,128624.0000,2948.0000,14761791.0000,321058642.0000,1122444.0000,171924404.0000,0.0000,0.0000,1576626072.0000,17143696.0000,551339082.0000,1921.0000,30871474.0000,34732328.0000,14942.0000,0.0000,0.0000,1551505760.0000,3233476.0000,1551505760.0000,34212936.0000,307533105.0000,306890413.0000,15478164.0000,0.0000,0.0000,1549324996.0000,29562038.0000,4642167.0000,2187547.0000,24461229.0000,774662460.0000,18721667.0000,0.0000,0.0000,1575713416.0000,5517035.0000,42653.0000,309.0000,0.0000,0.0000,0.0000,0.0000,0.0000
1575181158.0000,124990.0000,2819.0000,13991784.0000,313022433.0000,1629347.0000,167576761.0000,0.0000,0.0000,1573227756.0000,16945677.0000,536104770.0000,1962.0000,29973239.0000,33728822.0000,14907.0000,0.0000,0.0000,1574607747.0000,3341644.0000,1574607747.0000,35353472.0000,318216913.0000,317379072.0000,14931022.0000,0.0000,0.0000,1573705563.0000,28689807.0000,4655013.0000,2225434.0000,24323931.0000,786852736.0000,18827451.0000,0.0000,0.0000,1576813190.0000,5734423.0000,42464.0000,310.0000,0.0000,0.0000,0.0000,0.0000,0.0000
1572016099.0000,124327.0000,2575.0000,12926337.0000,286268625.0000,3697460.0000,152738834.0000,0.0000,0.0000,1569282808.0000,17643391.0000,515572871.0000,2692.0000,28708494.0000,32300443.0000,14849.0000,0.0000,0.0000,1575415881.0000,3404125.0000,1575415881.0000,35934128.0000,322449854.0000,321971246.0000,14914354.0000,0.0000,0.0000,1598908573.0000,30472944.0000,4567348.0000,2193313.0000,24148780.0000,799454291.0000,18511322.0000,0.0000,0.0000,1551659010.0000,5862076.0000,42485.0000,303.0000,0.0000,0.0000,0.0000,0.0000,0.0000
1570347405.0000,129300.0000,3232.0000,13407787.0000,317555314.0000,1117584.0000,170120029.0000,0.0000,0.0000,1394591669.0000,15412181.0000,484346496.0000,2184.0000,27119837.0000,30560435.0000,14798.0000,0.0000,0.0000,1465199005.0000,2613511.0000,1465199005.0000,28131476.0000,258284548.0000,255409842.0000,13155981.0000,0.0000,0.0000,1545420743.0000,28480078.0000,4912285.0000,2354014.0000,25703495.0000,772710373.0000,19806184.0000,0.0000,0.0000,1574346785.0000,5577413.0000,42141.0000,310.0000,0.0000,0.0000,0.0000,0.0000,0.0000
1564677247.0000,127914.0000,2672.0000,14167904.0000,266433781.0000,4316751.0000,141487257.0000,0.0000,0.0000,1557652536.0000,15792167.0000,530719399.0000,2969.0000,29711496.0000,33444988.0000,14892.0000,0.0000,0.0000,1577311381.0000,2795914.0000,1577311381.0000,30129274.0000,277161333.0000,274369520.0000,13943738.0000,0.0000,0.0000,1568446603.0000,28557100.0000,5154088.0000,2498392.0000,27092775.0000,784223301.0000,20774686.0000,0.0000,0.0000,1563997674.0000,7255368.0000,41380.0000,319.0000,0.0000,0.0000,0.0000,0.0000,0.0000
1564357139.0000,131452.0000,3161.0000,14620628.0000,298969275.0000,2471606.0000,160360810.0000,0.0000,0.0000,1565558164.0000,18735655.0000,460142585.0000,3456.0000,25324466.0000,28498342.0000,14703.0000,0.0000,0.0000,1556781427.0000,3007560.0000,1556781427.0000,32092881.0000,290718659.0000,289810498.0000,15129699.0000,0.0000,0.0000,1534743867.0000,28749442.0000,4765757.0000,2328541.0000,25764744.0000,767371815.0000,19273873.0000,0.0000,0.0000,1563351059.0000,5676798.0000,42397.0000,305.0000,0.0000,0.0000,0.0000,0.0000,0.0000
1566051609.0000,130987.0000,3602.0000,13794211.0000,301650651.0000,1237845.0000,160664414.0000,0.0000,0.0000,1462651682.0000,16615967.0000,480003494.0000,3446.0000,26756578.0000,30135485.0000,14779.0000,0.0000,0.0000,1546870055.0000,3156152.0000,1546870055.0000,33424516.0000,300922497.0000,300148502.0000,15008317.0000,0.0000,0.0000,1538780625.0000,27896829.0000,4520251.0000,2172752.0000,23943782.0000,769390243.0000,18304214.0000,0.0000,0.0000,1557404670.0000,6011989.0000,41954.0000,293.0000,0.0000,0.0000,0.0000,0.0000,0.0000
1589907537.0000,129036.0000,2843.0000,14715660.0000,293181900.0000,3654107.0000,157458009.0000,0.0000,0.0000,1570468883.0000,16599956.0000,550842974.0000,4006.0000,30918026.0000,34791723.0000,14951.0000,0.0000,0.0000,1605784380.0000,3413495.0000,1605784380.0000,36012182.0000,323009832.0000,322567473.0000,15909227.0000,0.0000,0.0000,1542973453.0000,30030795.0000,4329837.0000,2084331.0000,23140375.0000,771486675.0000,17552241.0000,0.0000,0.0000,1570371286.0000,5824183.0000,42441.0000,315.0000,0.0000,0.0000,0.0000,0.0000,0.0000
1549297373.0000,125708.0000,2905.0000,13766393.0000,306456771.0000,1619226.0000,163982798.0000,0.0000,0.0000,1541913320.0000,16783095.0000,519819549.0000,2967.0000,29052100.0000,32700491.0000,14873.0000,0.0000,0.0000,1574754319.0000,3295196.0000,1574754319.0000,34781922.0000,312116134.0000,311514199.0000,16083075.0000,0.0000,0.0000,1575969089.0000,29634633.0000,4501401.0000,2195870.0000,23898864.0000,787984502.0000,18248601.0000,0.0000,0.0000,1571703716.0000,5484053.0000,42685.0000,300.0000,0.0000,0.0000,0.0000,0.0000,0.0000
1570817764.0000,129315.0000,3020.0000,14094870.0000,310526222.0000,1108988.0000,166370988.0000,0.0000,0.0000,1551144759.0000,16277070.0000,558256129.0000,1947.0000,31380913.0000,35315910.0000,14962.0000,0.0000,0.0000,1576463815.0000,3299270.0000,1576463815.0000,34929462.0000,314502053.0000,313663300.0000,14584770.0000,0.0000,0.0000,1575692710.0000,29873324.0000,4615147.0000,2227510.0000,24335595.0000,787846299.0000,18697707.0000,0.0000,0.0000,1576026254.0000,5805764.0000,42270.0000,313.0000,0.0000,0.0000,0.0000,0.0000,0.0000
1550678151.0000,125318.0000,2762.0000,13549542.0000,304605816.0000,1631809.0000,163058504.0000,0.0000,0.0000,1573590148.0000,17037965.0000,538867496.0000,1959.0000,30151616.0000,33929638.0000,14923.0000,0.0000,0.0000,1576594448.0000,3339630.0000,1576594448.0000,35318298.0000,317390541.0000,316816113.0000,15104010.0000,0.0000,0.0000,1577477608.0000,31415015.0000,4365325.0000,2100853.0000,23042023.0000,788738757.0000,17703078.0000,0.0000,0.0000,1576445125.0000,5668823.0000,42630.0000,308.0000,0.0000,0.0000,0.0000,0.0000,0.0000
1601179634.0000,127491.0000,2837.0000,14379648.0000,316379735.0000,1141800.0000,169190935.0000,0.0000,0.0000,1574687765.0000,17294995.0000,537642104.0000,1937.0000,30039321.0000,33798857.0000,14908.0000,0.0000,0.0000,1552898150.0000,3325755.0000,1552898150.0000,35094557.0000,314333700.0000,314039204.0000,15578527.0000,0.0000,0.0000,1554293913.0000,29726932.0000,4668640.0000,2217269.0000,24452512.0000,777146913.0000,18829016.0000,0.0000,0.0000,1575846672.0000,5688930.0000,42667.0000,310.0000,0.0000,0.0000,0.0000,0.0000,0.0000
1573561590.0000,125423.0000,3135.0000,14431271.0000,309756009.0000,1602754.0000,165989038.0000,0.0000,0.0000,1574369960.0000,16437606.0000,567783553.0000,1943.0000,31913138.0000,35907676.0000,14984.0000,0.0000,0.0000,1576196691.0000,3320040.0000,1576196691.0000,35141650.0000,316467474.0000,315612509.0000,15063003.0000,0.0000,0.0000,1576211182.0000,28409716.0000,4733303.0000,2260427.0000,24896320.0000,788105552.0000,19131907.0000,0.0000,0.0000,1553344580.0000,5645902.0000,42256.0000,303.0000,0.0000,0.0000,0.0000,0.0000,0.0000
1572386087.0000,125284.0000,2662.0000,13395323.0000,295854752.0000,3424825.0000,157921431.0000,0.0000,0.0000,1568081966.0000,18175738.0000,507709232.0000,2844.0000,28175061.0000,31697441.0000,14829.0000,0.0000,0.0000,1575175692.0000,3324344.0000,1575175692.0000,35156618.0000,316151044.0000,315368720.0000,15308360.0000,0.0000,0.0000,1576803795.0000,31021387.0000,4368362.0000,2102330.0000,23169353.0000,788401857.0000,17720153.0000,0.0000,0.0000,1577345155.0000,5616534.0000,42764.0000,286.0000,0.0000,0.0000,0.0000,0.0000,0.0000
1571173147.0000,128166.0000,2939.0000,14394209.0000,320161595.0000,871161.0000,171649760.0000,0.0000,0.0000,1572093057.0000,17366301.0000,541005843.0000,2312.0000,30232162.0000,34012818.0000,14918.0000,0.0000,0.0000,1571894279.0000,3013575.0000,1571894279.0000,32153248.0000,291973687.0000,290380117.0000,15658773.0000,0.0000,0.0000,1570593125.0000,31525081.0000,4943117.0000,2433962.0000,25910932.0000,785296576.0000,19917779.0000,0.0000,0.0000,1575272363.0000,5847782.0000,42004.0000,298.0000,0.0000,0.0000,0.0000,0.0000,0.0000
1544197259.0000,129174.0000,2961.0000,14117023.0000,276686597.0000,3702213.0000,147643803.0000,0.0000,0.0000,1570162218.0000,16531845.0000,564263672.0000,2721.0000,31711407.0000,35681767.0000,14984.0000,0.0000,0.0000,1564242551.0000,2812118.0000,1564242551.0000,30385668.0000,280834138.0000,277652722.0000,14746097.0000,0.0000,0.0000,1597408814.0000,31182751.0000,5058435.0000,2524250.0000,26485559.0000,798704356.0000,20384480.0000,0.0000,0.0000,1568077804.0000,7168174.0000,41452.0000,296.0000,0.0000,0.0000,0.0000,0.0000,0.0000
1563714974.0000,130793.0000,3110.0000,15192885.0000,285667641.0000,3696259.0000,152495670.0000,0.0000,0.0000,1567436077.0000,18627277.0000,449996891.0000,2956.0000,24685782.0000,27782582.0000,14680.0000,0.0000,0.0000,1447673922.0000,2649930.0000,1447673922.0000,28457336.0000,259861802.0000,257868976.0000,14409451.0000,0.0000,0.0000,1532420727.0000,29498984.0000,4938604.0000,2330611.0000,26256411.0000,766210214.0000,19879994.0000,0.0000,0.0000,1536597228.0000,5552434.0000,42606.0000,290.0000,0.0000,0.0000,0.0000,0.0000,0.0000
1567856750.0000,132864.0000,2877.0000,14809757.0000,320453394.0000,689511.0000,171593702.0000,0.0000,0.0000,1567678215.0000,17286547.0000,506566820.0000,2970.0000,28192164.0000,31727318.0000,14818.0000,0.0000,0.0000,1571691052.0000,3371348.0000,1571691052.0000,35549602.0000,318378981.0000,318131516.0000,15614962.0000,0.0000,0.0000,1561918069.0000,29066055.0000,4789970.0000,2244917.0000,25270785.0000,780958984.0000,19311302.0000,0.0000,0.0000,1563682083.0000,6171914.0000,41746.0000,298.0000,0.0000,0.0000,0.0000,0.0000,0.0000
1562411018.0000,131786.0000,2982.0000,14203312.0000,277304221.0000,3604895.0000,148168789.0000,0.0000,0.0000,1554900646.0000,16464428.0000,537845449.0000,4759.0000,30166866.0000,33952378.0000,14921.0000,0.0000,0.0000,1572562562.0000,3279142.0000,1572562562.0000,34725942.0000,312755886.0000,311904561.0000,15331420.0000,0.0000,0.0000,1540895926.0000,29994080.0000,4434477.0000,2061622.0000,23569551.0000,770447887.0000,17900215.0000,0.0000,0.0000,1565839804.0000,5540401.0000,42591.0000,311.0000,0.0000,0.0000,0.0000,0.0000,0.0000
1572314380.0000,128456.0000,3006.0000,13287837.0000,314334138.0000,1631209.0000,168234851.0000,0.0000,0.0000,1567585379.0000,17020866.0000,533224546.0000,2966.0000,29807259.0000,33541065.0000,14902.0000,0.0000,0.0000,1573714773.0000,3290249.0000,1573714773.0000,34790113.0000,312823717.0000,312065169.0000,16068387.0000,0.0000,0.0000,1474794938.0000,29053844.0000,4324217.0000,2023134.0000,22647541.0000,737397432.0000,17430933.0000,0.0000,0.0000,1570778204.0000,5597394.0000,42502.0000,306.0000,0.0000,0.0000,0.0000,0.0000,0.0000
1520703424.0000,130227.0000,3238.0000,13833038.0000,303343895.0000,1101104.0000,162520153.0000,0.0000,0.0000,1569949445.0000,16691925.0000,564705678.0000,2267.0000,31722642.0000,35692892.0000,14985.0000,0.0000,0.0000,1574775787.0000,3332091.0000,1574775787.0000,35178392.0000,315415584.0000,315051966.0000,15706750.0000,0.0000,0.0000,1586319045.0000,30476456.0000,4844273.0000,2273664.0000,25580807.0000,793159504.0000,19555915.0000,0.0000,0.0000,1551406183.0000,5725943.0000,42282.0000,293.0000,0.0000,0.0000,0.0000,0.0000,0.0000
1573776751.0000,128801.0000,2967.0000,13592973.0000,311289066.0000,1637611.0000,166594423.0000,0.0000,0.0000,1572684988.0000,16642508.0000,535988883.0000,2043.0000,30023235.0000,33790690.0000,14920.0000,0.0000,0.0000,1577256087.0000,3295604.0000,1577256087.0000,34879942.0000,313850207.0000,313045045.0000,15082647.0000,0.0000,0.0000,1576643127.0000,31822234.0000,4508891.0000,2107851.0000,23772475.0000,788321529.0000,18224091.0000,0.0000,0.0000,1576380837.0000,5386617.0000,42757.0000,308.0000,0.0000,0.0000,0.0000,0.0000,0.0000
1575612408.0000,124292.0000,2840.0000,14331795.0000,308456093.0000,1630410.0000,165105136.0000,0.0000,0.0000,1571299819.0000,17073344.0000,544857414.0000,2104.0000,30493253.0000,34310202.0000,14933.0000,0.0000,0.0000,1576402106.0000,3349156.0000,1576402106.0000,35363911.0000,317152542.0000,316720159.0000,15777671.0000,0.0000,0.0000,1577013358.0000,30896036.0000,4678051.0000,2187867.0000,24487245.0000,788506650.0000,18852863.0000,0.0000,0.0000,1599736712.0000,5860924.0000,42552.0000,326.0000,0.0000,0.0000,0.0000,0.0000,0.0000
1598783253.0000,126806.0000,2959.0000,14903906.0000,320350695.0000,1106219.0000,171584712.0000,0.0000,0.0000,1576244721.0000,15972590.0000,533390299.0000,1921.0000,29865969.0000,33617734.0000,14905.0000,0.0000,0.0000,1577456987.0000,3323609.0000,1577456987.0000,35152904.0000,316276348.0000,315521782.0000,15219062.0000,0.0000,0.0000,1461149805.0000,26286442.0000,4382680.0000,2129467.0000,23366077.0000,730574871.0000,17720230.0000,0.0000,0.0000,1575865846.0000,5909562.0000,42496.0000,311.0000,0.0000,0.0000,0.0000,0.0000,0.0000
1511593408.0000,119987.0000,2619.0000,12369276.0000,259417930.0000,598431.0000,134985967.0000,0.0000,0.0000,1485474927.0000,16089877.0000,406722812.0000,6630.0000,22356734.0000,25203702.0000,14590.0000,0.0000,0.0000,1577864928.0000,3391719.0000,1577864928.0000,35861454.0000,322500089.0000,321751391.0000,14504067.0000,0.0000,0.0000,1588805582.0000,29956933.0000,4400848.0000,2121668.0000,23242948.0000,794402753.0000,17847410.0000,0.0000,0.0000,1576954193.0000,5492493.0000,42756.0000,299.0000,0.0000,0.0000,0.0000,0.0000,0.0000
1484240307.0000,130232.0000,2819.0000,14899115.0000,240805784.0000,7193564.0000,129892776.0000,0.0000,0.0000,1496783578.0000,18866950.0000,430472059.0000,13585.0000,23636275.0000,26597223.0000,14628.0000,0.0000,0.0000,1577455072.0000,2651886.0000,1577455072.0000,28341200.0000,262520081.0000,256126326.0000,13624132.0000,0.0000,0.0000,1500503604.0000,29019041.0000,5146754.0000,2579519.0000,28776124.0000,750251670.0000,20693732.0000,0.0000,0.0000,1576296631.0000,5871839.0000,41576.0000,311.0000,0.0000,0.0000,0.0000,0.0000,0.0000
1536184082.0000,128601.0000,2622.0000,13755325.0000,262649865.0000,5953664.0000,141243646.0000,0.0000,0.0000,1574005342.0000,17592857.0000,527746539.0000,1950.0000,29464425.0000,33152445.0000,14884.0000,0.0000,0.0000,1334936550.0000,1040351.0000,1334936550.0000,12513128.0000,131911399.0000,122522349.0000,13159801.0000,0.0000,0.0000,1417424921.0000,29765310.0000,4786511.0000,2264848.0000,25054485.0000,708711988.0000,19200491.0000,0.0000,0.0000,1462447317.0000,6616728.0000,40106.0000,293.0000,0.0000,0.0000,0.0000,0.0000,0.0000
1513062239.0000,117483.0000,2321.0000,11336552.0000,208426787.0000,221289.0000,104390365.0000,0.0000,0.0000,1551212937.0000,14596478.0000,444594957.0000,1930.0000,24641009.0000,27779219.0000,14683.0000,0.0000,0.0000,1335822842.0000,874235.0000,1335822842.0000,11363998.0000,119830383.0000,117457487.0000,18844758.0000,0.0000,0.0000,1426528682.0000,25231365.0000,5198933.0000,2610868.0000,26156650.0000,713264185.0000,20811364.0000,0.0000,0.0000,1163173088.0000,6975471.0000,38297.0000,242.0000,0.0000,0.0000,0.0000,0.0000,0.0000
1359906196.0000,135141.0000,3074.0000,16591839.0000,169932815.0000,12974414.0000,92901165.0000,0.0000,0.0000,1374275338.0000,15760752.0000,311022752.0000,14273.0000,16704843.0000,18865878.0000,14347.0000,0.0000,0.0000,1489271829.0000,1716412.0000,1489271829.0000,19432482.0000,188391861.0000,182842536.0000,12813968.0000,0.0000,0.0000,1422429245.0000,30859568.0000,5387874.0000,2779645.0000,29582446.0000,711214179.0000,21493548.0000,0.0000,0.0000,1418796575.0000,8628356.0000,38567.0000,251.0000,0.0000,0.0000,0.0000,0.0000,0.0000
1515816074.0000,123814.0000,2697.0000,14250488.0000,214503486.0000,10000388.0000,115162340.0000,0.0000,0.0000,1380896530.0000,19154069.0000,188762818.0000,21969.0000,9247393.0000,10468543.0000,14021.0000,0.0000,0.0000,1571498912.0000,3022647.0000,1571498912.0000,32207416.0000,291388438.0000,290433676.0000,15287450.0000,0.0000,0.0000,1498485075.0000,27801419.0000,5496870.0000,2780830.0000,29599924.0000,749242408.0000,22062035.0000,0.0000,0.0000,1512749411.0000,6806306.0000,40475.0000,296.0000,0.0000,0.0000,0.0000,0.0000,0.0000
1516331525.0000,119518.0000,2571.0000,12497398.0000,232758600.0000,3020062.0000,122587197.0000,0.0000,0.0000,1564749419.0000,17877837.0000,475373064.0000,3225.0000,26386251.0000,29705586.0000,14758.0000,0.0000,0.0000,1574026227.0000,3275480.0000,1574026227.0000,34560494.0000,309112487.0000,309099700.0000,14418496.0000,0.0000,0.0000,1370107488.0000,23895051.0000,4137955.0000,1981060.0000,21901010.0000,685053673.0000,16715949.0000,0.0000,0.0000,1569670400.0000,6413691.0000,42277.0000,293.0000,0.0000,0.0000,0.0000,0.0000,0.0000
1569132004.0000,131031.0000,2653.0000,13208484.0000,301654286.0000,1553609.0000,161699861.0000,0.0000,0.0000,1571228481.0000,16444779.0000,519282684.0000,2325.0000,29050876.0000,32704479.0000,14873.0000,0.0000,0.0000,1572537475.0000,3137493.0000,1572537475.0000,33250625.0000,299301829.0000,298577296.0000,14634130.0000,0.0000,0.0000,1580263874.0000,28121794.0000,5027948.0000,2445283.0000,26563798.0000,790131959.0000,20258875.0000,0.0000,0.0000,1571906818.0000,6180005.0000,42366.0000,296.0000,0.0000,0.0000,0.0000,0.0000,0.0000
1569755877.0000,127801.0000,2964.0000,13537793.0000,306709094.0000,1115947.0000,164241297.0000,0.0000,0.0000,1567221675.0000,16251371.0000,537574154.0000,2710.0000,30173756.0000,33965648.0000,14925.0000,0.0000,0.0000,1554297260.0000,3213719.0000,1554297260.0000,33947176.0000,304268357.0000,303893597.0000,15166998.0000,0.0000,0.0000,1552797139.0000,27169706.0000,4877379.0000,2382572.0000,25645631.0000,776398562.0000,19683703.0000,0.0000,0.0000,1574575762.0000,6233777.0000,42491.0000,299.0000,0.0000,0.0000,0.0000,0.0000,0.0000
1594230044.0000,127818.0000,3191.0000,13661615.0000,310657012.0000,1173475.0000,166154031.0000,0.0000,0.0000,1577276409.0000,16663979.0000,535632492.0000,1930.0000,29998920.0000,33763910.0000,14918.0000,0.0000,0.0000,1551775119.0000,3100882.0000,1551775119.0000,32835544.0000,295066481.0000,294453490.0000,14254130.0000,0.0000,0.0000,1574813537.0000,28825836.0000,4669674.0000,2240671.0000,24277407.0000,787406741.0000,18866124.0000,0.0000,0.0000,1600824082.0000,6367129.0000,42367.0000,308.0000,0.0000,0.0000,0.0000,0.0000,0.0000
1575209758.0000,124338.0000,2596.0000,13984617.0000,297834895.0000,2098342.0000,159551892.0000,0.0000,0.0000,1552379221.0000,16236496.0000,538234609.0000,1938.0000,30191992.0000,33983861.0000,14927.0000,0.0000,0.0000,1551920041.0000,3230009.0000,1551920041.0000,34189709.0000,307557625.0000,306823242.0000,15149510.0000,0.0000,0.0000,1577202490.0000,30313220.0000,4864612.0000,2360491.0000,25803393.0000,788601233.0000,19632914.0000,0.0000,0.0000,1574495920.0000,6358950.0000,42263.0000,299.0000,0.0000,0.0000,0.0000,0.0000,0.0000
1550326913.0000,124736.0000,2739.0000,13708171.0000,307333295.0000,1112349.0000,164636496.0000,0.0000,0.0000,1576694293.0000,16757033.0000,529609621.0000,1942.0000,29644065.0000,33366231.0000,14907.0000,0.0000,0.0000,1576128473.0000,3390255.0000,1576128473.0000,35761469.0000,320494567.0000,320137958.0000,15332536.0000,0.0000,0.0000,1551270525.0000,29126764.0000,4631054.0000,2222764.0000,24321860.0000,775635231.0000,18711669.0000,0.0000,0.0000,1463646558.0000,5494631.0000,42262.0000,249.0000,0.0000,0.0000,0.0000,0.0000,0.0000
1574743519.0000,126400.0000,2803.0000,14067188.0000,311500624.0000,1117584.0000,166811658.0000,0.0000,0.0000,1575735882.0000,16885698.0000,545834143.0000,1946.0000,30574358.0000,34403115.0000,14938.0000,0.0000,0.0000,1579873893.0000,3292708.0000,1579873893.0000,34865633.0000,313968124.0000,313132625.0000,15252160.0000,0.0000,0.0000,1576045710.0000,28054713.0000,4630883.0000,2186790.0000,24445866.0000,788022786.0000,18702125.0000,0.0000,0.0000,1586810750.0000,5767467.0000,42651.0000,323.0000,0.0000,0.0000,0.0000,0.0000,0.0000
1574118789.0000,124798.0000,2734.0000,13545058.0000,288428164.0000,3616888.0000,153931406.0000,0.0000,0.0000,1577191675.0000,17532863.0000,505370490.0000,1942.0000,28099015.0000,31622114.0000,14831.0000,0.0000,0.0000,1553213707.0000,3286028.0000,1553213707.0000,34725943.0000,312052799.0000,311328456.0000,15037215.0000,0.0000,0.0000,1552040546.0000,27819932.0000,4569164.0000,2233545.0000,24342441.0000,776020246.0000,18528869.0000,0.0000,0.0000,1551351087.0000,5658720.0000,42320.0000,326.0000,0.0000,0.0000,0.0000,0.0000,0.0000
1551378370.0000,127200.0000,3477.0000,13173311.0000,302432890.0000,1703126.0000,161906117.0000,0.0000,0.0000,1577015015.0000,16569091.0000,550628780.0000,1913.0000,30897202.0000,34770883.0000,14953.0000,0.0000,0.0000,1575939137.0000,3281736.0000,1575939137.0000,34687067.0000,312246110.0000,311002205.0000,14496609.0000,0.0000,0.0000,1552768744.0000,28380554.0000,4829155.0000,2362785.0000,25213936.0000,776384348.0000,19523186.0000,0.0000,0.0000,1573263632.0000,5868532.0000,42574.0000,438.0000,0.0000,0.0000,0.0000,0.0000,0.0000
1598652927.0000,126734.0000,2939.0000,14244079.0000,319901869.0000,1108709.0000,171313774.0000,0.0000,0.0000,1576831688.0000,17128435.0000,530688972.0000,1933.0000,29650444.0000,33365732.0000,14904.0000,0.0000,0.0000,1577586014.0000,2384141.0000,1577586014.0000,26218922.0000,245947968.0000,242438623.0000,13939139.0000,0.0000,0.0000,1552561444.0000,29597775.0000,4663063.0000,2169877.0000,24049674.0000,776280700.0000,18805830.0000,0.0000,0.0000,1574004314.0000,6389603.0000,42004.0000,420.0000,0.0000,0.0000,0.0000,0.0000,0.0000
1574184837.0000,124325.0000,2589.0000,14230168.0000,281361060.0000,3184182.0000,150295678.0000,0.0000,0.0000,1553547101.0000,15927377.0000,536430124.0000,1929.0000,30097809.0000,33882708.0000,14916.0000,0.0000,0.0000,1571489989.0000,2957835.0000,1571489989.0000,31559384.0000,286410074.0000,284825202.0000,15105185.0000,0.0000,0.0000,1551581933.0000,28252653.0000,5579032.0000,2750859.0000,29613073.0000,775790937.0000,22446627.0000,0.0000,0.0000,1576151725.0000,7385572.0000,41370.0000,325.0000,0.0000,0.0000,0.0000,0.0000,0.0000
1599599670.0000,124088.0000,2481.0000,14974928.0000,283266453.0000,3186886.0000,151035885.0000,0.0000,0.0000,1574101262.0000,18835383.0000,393855287.0000,2214.0000,21373997.0000,24074235.0000,14541.0000,0.0000,0.0000,1575499258.0000,3185597.0000,1575499258.0000,33656561.0000,301693746.0000,301318561.0000,15818757.0000,0.0000,0.0000,1569750958.0000,27574266.0000,4942631.0000,2380993.0000,26136321.0000,784875446.0000,19951245.0000,0.0000,0.0000,1572311124.0000,6009416.0000,41923.0000,283.0000,0.0000,0.0000,0.0000,0.0000,0.0000
1519061513.0000,127530.0000,2637.0000,13667865.0000,260944596.0000,3698087.0000,139511078.0000,0.0000,0.0000,1592486860.0000,16248555.0000,542280740.0000,2716.0000,30439560.0000,34264406.0000,14932.0000,0.0000,0.0000,1569804369.0000,3120148.0000,1569804369.0000,33056327.0000,297326327.0000,296599134.0000,16042180.0000,0.0000,0.0000,1549533346.0000,28723752.0000,4876980.0000,2357514.0000,25646963.0000,774766663.0000,19682450.0000,0.0000,0.0000,1573865092.0000,6199474.0000,42296.0000,311.0000,0.0000,0.0000,0.0000,0.0000,0.0000
1570402426.0000,128291.0000,2775.0000,13853494.0000,303692713.0000,1112829.0000,162441840.0000,0.0000,0.0000,1546892317.0000,16157382.0000,498535583.0000,2709.0000,27873773.0000,31392591.0000,14837.0000,0.0000,0.0000,1575665271.0000,3130099.0000,1575665271.0000,33145214.0000,297902545.0000,297256541.0000,15825388.0000,0.0000,0.0000,1570748830.0000,30037266.0000,4682962.0000,2248689.0000,24762064.0000,785374411.0000,18929640.0000,0.0000,0.0000,1570762977.0000,6377061.0000,42143.0000,297.0000,0.0000,0.0000,0.0000,0.0000,0.0000
1565835772.0000,131826.0000,2943.0000,14572312.0000,302982141.0000,1120429.0000,162479548.0000,0.0000,0.0000,1573648814.0000,16085136.0000,557274139.0000,2216.0000,31350517.0000,35283004.0000,14972.0000,0.0000,0.0000,1577318429.0000,3256516.0000,1577318429.0000,34396551.0000,308187877.0000,307877251.0000,15270574.0000,0.0000,0.0000,1577133131.0000,30424415.0000,4805393.0000,2309763.0000,25122805.0000,788566555.0000,19407270.0000,0.0000,0.0000,1575425228.0000,6094737.0000,42330.0000,322.0000,0.0000,0.0000,0.0000,0.0000,0.0000
1574842882.0000,125369.0000,2567.0000,14428821.0000,291811338.0000,2149787.0000,156110799.0000,0.0000,0.0000,1575736066.0000,16235762.0000,517927631.0000,1935.0000,29004912.0000,32656603.0000,14879.0000,0.0000,0.0000,1572706964.0000,3306548.0000,1572706964.0000,34910358.0000,313154781.0000,312748854.0000,15388053.0000,0.0000,0.0000,1573886910.0000,29306044.0000,4832269.0000,2348592.0000,25546694.0000,786943388.0000,19539065.0000,0.0000,0.0000,1554571798.0000,6275690.0000,42280.0000,276.0000,0.0000,0.0000,0.0000,0.0000,0.0000
1573517632.0000,126355.0000,2805.0000,13852651.0000,314428567.0000,1107832.0000,168395336.0000,0.0000,0.0000,1624185532.0000,17374212.0000,531442736.0000,1965.0000,29662134.0000,33375975.0000,14916.0000,0.0000,0.0000,1552065931.0000,3237688.0000,1552065931.0000,34253727.0000,308310098.0000,307375922.0000,14736371.0000,0.0000,0.0000,1552961021.0000,29890586.0000,4509760.0000,2197113.0000,23653130.0000,776480493.0000,18248995.0000,0.0000,0.0000,1574296628.0000,6004704.0000,42519.0000,321.0000,0.0000,0.0000,0.0000,0.0000,0.0000
1575111337.0000,124845.0000,2928.0000,14500971.0000,305908601.0000,1116497.0000,163821370.0000,0.0000,0.0000,1552990118.0000,16140933.0000,553260958.0000,1932.0000,31107844.0000,35011516.0000,14960.0000,0.0000,0.0000,1555940488.0000,3284263.0000,1555940488.0000,34747059.0000,312129232.0000,311649350.0000,15116091.0000,0.0000,0.0000,1576467603.0000,28749178.0000,4739798.0000,2244302.0000,24972215.0000,788233779.0000,19121677.0000,0.0000,0.0000,1577949727.0000,5697080.0000,42530.0000,297.0000,0.0000,0.0000,0.0000,0.0000,0.0000
1574655065.0000,125125.0000,3013.0000,13912595.0000,293828570.0000,2550227.0000,156449247.0000,0.0000,0.0000,1577122847.0000,17537220.0000,499900088.0000,1931.0000,27772236.0000,31255198.0000,14809.0000,0.0000,0.0000,1579115437.0000,3365069.0000,1579115437.0000,35535696.0000,318981408.0000,318422641.0000,15541324.0000,0.0000,0.0000,1576452946.0000,28445309.0000,4656788.0000,2249429.0000,24708772.0000,788226446.0000,18859885.0000,0.0000,0.0000,1577927448.0000,5789144.0000,42628.0000,284.0000,0.0000,0.0000,0.0000,0.0000,0.0000
1572715756.0000,124848.0000,2774.0000,13553623.0000,302544585.0000,2257999.0000,162455737.0000,0.0000,0.0000,1575610846.0000,16972800.0000,532026348.0000,1949.0000,29751579.0000,33485108.0000,14915.0000,0.0000,0.0000,1578016144.0000,3253158.0000,1578016144.0000,34429394.0000,309561117.0000,308919037.0000,15762693.0000,0.0000,0.0000,1577652754.0000,29678837.0000,4760461.0000,2327383.0000,24886359.0000,788826330.0000,19283611.0000,0.0000,0.0000,1576133992.0000,5745450.0000,42479.0000,290.0000,0.0000,0.0000,0.0000,0.0000,0.0000
1574073848.0000,125476.0000,2747.0000,14161832.0000,307854079.0000,1625351.0000,164811874.0000,0.0000,0.0000,1554526750.0000,16028960.0000,553311316.0000,1921.0000,31123899.0000,35031173.0000,14962.0000,0.0000,0.0000,1555273898.0000,2565149.0000,1555273898.0000,27843383.0000,259138312.0000,254823708.0000,14570531.0000,0.0000,0.0000,1576524163.0000,31275236.0000,4875885.0000,2291490.0000,25469317.0000,788262074.0000,19654350.0000,0.0000,0.0000,1577286230.0000,5895432.0000,42411.0000,296.0000,0.0000,0.0000,0.0000,0.0000,0.0000
1551614311.0000,124018.0000,2592.0000,13754715.0000,282309152.0000,3645824.0000,150614986.0000,0.0000,0.0000,1554165268.0000,16386533.0000,517413490.0000,1916.0000,28942584.0000,32584352.0000,14877.0000,0.0000,0.0000,1575590603.0000,2703075.0000,1575590603.0000,29193745.0000,267805761.0000,266051947.0000,14946622.0000,0.0000,0.0000,1576735630.0000,30522431.0000,4958531.0000,2456969.0000,26081831.0000,788367790.0000,20010052.0000,0.0000,0.0000,1576941060.0000,7254164.0000,41487.0000,299.0000,0.0000,0.0000,0.0000,0.0000,0.0000
1575323514.0000,124912.0000,2713.0000,15012484.0000,307023918.0000,651610.0000,164747644.0000,0.0000,0.0000,1576079392.0000,16563168.0000,483890251.0000,1956.0000,27329678.0000,31373423.0000,14765.0000,0.0000,0.0000,1573540813.0000,3198404.0000,1573540813.0000,33866770.0000,304689937.0000,303952686.0000,15165933.0000,0.0000,0.0000,1570882884.0000,27810747.0000,5495119.0000,2685584.0000,29232401.0000,785441407.0000,22103095.0000,0.0000,0.0000,1574737866.0000,6385941.0000,41288.0000,295.0000,0.0000,0.0000,0.0000,0.0000,0.0000
1393336330.0000,118072.0000,2148.0000,13497799.0000,221981810.0000,4741798.0000,117754338.0000,0.0000,0.0000,1569081229.0000,18500063.0000,444354520.0000,2724.0000,24435667.0000,27510415.0000,14679.0000,0.0000,0.0000,1569470262.0000,3230087.0000,1569470262.0000,34083206.0000,305119659.0000,304851315.0000,15823623.0000,0.0000,0.0000,1573694838.0000,29078803.0000,4910183.0000,2347835.0000,25635588.0000,786847430.0000,19809981.0000,0.0000,0.0000,1571333778.0000,6262910.0000,42401.0000,297.0000,0.0000,0.0000,0.0000,0.0000,0.0000
1580947818.0000,130243.0000,2904.0000,13967018.0000,300953271.0000,1626839.0000,161466617.0000,0.0000,0.0000,1572559683.0000,16442724.0000,536346179.0000,2445.0000,30128908.0000,34002531.0000,14918.0000,0.0000,0.0000,1577709658.0000,3105003.0000,1577709658.0000,32910441.0000,296136788.0000,295462566.0000,15839831.0000,0.0000,0.0000,1543843152.0000,29504687.0000,4625365.0000,2192546.0000,24363606.0000,771921565.0000,18665692.0000,0.0000,0.0000,1572389006.0000,6178518.0000,42204.0000,295.0000,0.0000,0.0000,0.0000,0.0000,0.0000
1570827536.0000,128292.0000,2484.0000,14234943.0000,293060367.0000,2155365.0000,156768852.0000,0.0000,0.0000,1571152671.0000,16079899.0000,539179685.0000,2713.0000,30291404.0000,34099124.0000,14929.0000,0.0000,0.0000,1553632462.0000,3191569.0000,1553632462.0000,33722427.0000,302150572.0000,301812580.0000,15698933.0000,0.0000,0.0000,1577039218.0000,29401449.0000,4989244.0000,2428282.0000,26152088.0000,788519571.0000,20112074.0000,0.0000,0.0000,1550546670.0000,5922032.0000,42309.0000,292.0000,0.0000,0.0000,0.0000,0.0000,0.0000
1596657106.0000,127904.0000,2763.0000,14580290.0000,320512882.0000,812708.0000,171538832.0000,0.0000,0.0000,1552975552.0000,16650298.0000,510607398.0000,1931.0000,28519570.0000,32108191.0000,14854.0000,0.0000,0.0000,1578402331.0000,3206187.0000,1578402331.0000,33939660.0000,305051831.0000,304379098.0000,14824243.0000,0.0000,0.0000,1575801514.0000,29032852.0000,4632854.0000,2218648.0000,24369344.0000,787900730.0000,18740562.0000,0.0000,0.0000,1575982411.0000,6308056.0000,42373.0000,308.0000,0.0000,0.0000,0.0000,0.0000,0.0000
1574642360.0000,124830.0000,2676.0000,13504477.0000,303541756.0000,1418488.0000,162690433.0000,0.0000,0.0000,1577023518.0000,16245074.0000,556018747.0000,1928.0000,31259079.0000,35179827.0000,14968.0000,0.0000,0.0000,1600395765.0000,3330056.0000,1600395765.0000,35255413.0000,317754526.0000,316811582.0000,15282354.0000,0.0000,0.0000,1574686034.0000,31257878.0000,4783030.0000,2309461.0000,25176724.0000,787342987.0000,19303862.0000,0.0000,0.0000,1578818801.0000,5918485.0000,42453.0000,284.0000,0.0000,0.0000,0.0000,0.0000,0.0000
1549248595.0000,124746.0000,2769.0000,13727450.0000,295269145.0000,2142607.0000,157921538.0000,0.0000,0.0000,1577285022.0000,16229377.0000,518260580.0000,1933.0000,29023829.0000,32679037.0000,14873.0000,0.0000,0.0000,1552523678.0000,3435108.0000,1552523678.0000,36128929.0000,322336185.0000,322460670.0000,15372482.0000,0.0000,0.0000,1575709272.0000,28850056.0000,4795903.0000,2281953.0000,25096582.0000,787854592.0000,19352303.0000,0.0000,0.0000,1550526611.0000,5700265.0000,42519.0000,317.0000,0.0000,0.0000,0.0000,0.0000,0.0000
1575585341.0000,127878.0000,2706.0000,14541596.0000,317259628.0000,598277.0000,170049701.0000,0.0000,0.0000,1575070951.0000,17323243.0000,511558412.0000,1957.0000,28456524.0000,32022828.0000,14847.0000,0.0000,0.0000,1577296257.0000,3193502.0000,1577296257.0000,33920963.0000,306618093.0000,305403285.0000,15049547.0000,0.0000,0.0000,1553314313.0000,27350457.0000,4511578.0000,2164179.0000,23950466.0000,776657105.0000,18259197.0000,0.0000,0.0000,1575674705.0000,5829982.0000,42501.0000,300.0000,0.0000,0.0000,0.0000,0.0000,0.0000
1573728266.0000,123954.0000,2873.0000,13372165.0000,282600707.0000,3698625.0000,150806330.0000,0.0000,0.0000,1576948663.0000,16764901.0000,546855564.0000,1923.0000,30724628.0000,34628530.0000,14937.0000,0.0000,0.0000,1577929016.0000,3344150.0000,1577929016.0000,35354059.0000,317784555.0000,317067365.0000,15361616.0000,0.0000,0.0000,1576660830.0000,30364313.0000,4499509.0000,2185332.0000,23944282.0000,788330386.0000,18261858.0000,0.0000,0.0000,1577120144.0000,5875539.0000,42542.0000,297.0000,0.0000,0.0000,0.0000,0.0000,0.0000
1576866380.0000,124699.0000,2699.0000,14329396.0000,315448482.0000,1111636.0000,168791691.0000,0.0000,0.0000,1577311770.0000,17247715.0000,528741898.0000,1918.0000,29517738.0000,33215092.0000,14894.0000,0.0000,0.0000,1575795333.0000,3050867.0000,1575795333.0000,32497273.0000,294586744.0000,293109361.0000,15447926.0000,0.0000,0.0000,1578535084.0000,29843826.0000,5179202.0000,2498068.0000,26738722.0000,789267508.0000,20872330.0000,0.0000,0.0000,1576654937.0000,5610917.0000,42658.0000,299.0000,0.0000,0.0000,0.0000,0.0000,0.0000
1573798400.0000,125980.0000,2958.0000,13995992.0000,297673658.0000,1478796.0000,158726962.0000,0.0000,0.0000,1553271394.0000,16390466.0000,536165200.0000,1924.0000,30054410.0000,33827102.0000,14911.0000,0.0000,0.0000,1572851727.0000,2224748.0000,1572851727.0000,24625496.0000,233605604.0000,228874261.0000,14004722.0000,0.0000,0.0000,1577110820.0000,30160244.0000,4541895.0000,2146011.0000,23922411.0000,788555379.0000,18357697.0000,0.0000,0.0000,1579025701.0000,7501876.0000,41230.0000,274.0000,0.0000,0.0000,0.0000,0.0000,0.0000
1549520448.0000,123649.0000,2545.0000,13944443.0000,277275647.0000,3848789.0000,148768588.0000,0.0000,0.0000,1575892088.0000,16244971.0000,544449285.0000,1959.0000,30582798.0000,34423053.0000,14942.0000,0.0000,0.0000,1574937055.0000,3340980.0000,1574937055.0000,35186449.0000,314264048.0000,314311386.0000,15494328.0000,0.0000,0.0000,1571355346.0000,28528089.0000,5918890.0000,2881991.0000,31460133.0000,785677668.0000,23777988.0000,0.0000,0.0000,1576753489.0000,6465276.0000,41708.0000,272.0000,0.0000,0.0000,0.0000,0.0000,0.0000
1574192409.0000,125987.0000,2696.0000,14120232.0000,311771263.0000,599040.0000,166725940.0000,0.0000,0.0000,1573923607.0000,19212112.0000,390380235.0000,2176.0000,21073539.0000,23728309.0000,14519.0000,0.0000,0.0000,1546720242.0000,3044654.0000,1546720242.0000,32255930.0000,290110857.0000,289309901.0000,15340447.0000,0.0000,0.0000,1574179127.0000,27221768.0000,4854771.0000,2323314.0000,25433009.0000,787089542.0000,19616729.0000,0.0000,0.0000,1593043859.0000,6331821.0000,42207.0000,301.0000,0.0000,0.0000,0.0000,0.0000,0.0000
1571405409.0000,123043.0000,2503.0000,14604040.0000,254989561.0000,5776275.0000,136008149.0000,0.0000,0.0000,1569778578.0000,15788444.0000,548877010.0000,2723.0000,30902077.0000,34788153.0000,14953.0000,0.0000,0.0000,1576551379.0000,3096160.0000,1576551379.0000,32874152.0000,296519893.0000,295673652.0000,15493699.0000,0.0000,0.0000,1567477246.0000,30335715.0000,4818712.0000,2311771.0000,25461488.0000,783738647.0000,19432968.0000,0.0000,0.0000,1570506277.0000,5972042.0000,42357.0000,307.0000,0.0000,0.0000,0.0000,0.0000,0.0000
1571604009.0000,125794.0000,3308.0000,13906674.0000,306427457.0000,1358196.0000,163935279.0000,0.0000,0.0000,1548365213.0000,16406947.0000,507943144.0000,2702.0000,28389565.0000,31962658.0000,14793.0000,0.0000,0.0000,1553944136.0000,3270824.0000,1553944136.0000,34420049.0000,306710260.0000,306897325.0000,15768730.0000,0.0000,0.0000,1574697951.0000,29252616.0000,4972252.0000,2399035.0000,26023788.0000,787348951.0000,20062801.0000,0.0000,0.0000,1551014944.0000,6051844.0000,42316.0000,283.0000,0.0000,0.0000,0.0000,0.0000,0.0000
1567106973.0000,129159.0000,3221.0000,14522818.0000,301929227.0000,1162376.0000,161708634.0000,0.0000,0.0000,1550313318.0000,16519369.0000,539890672.0000,2177.0000,30268130.0000,34064344.0000,14875.0000,0.0000,0.0000,1578045434.0000,3158056.0000,1578045434.0000,33473374.0000,301508273.0000,300657251.0000,15502974.0000,0.0000,0.0000,1576534051.0000,29725420.0000,4674693.0000,2239686.0000,24384305.0000,788267007.0000,18888743.0000,0.0000,0.0000,1576785595.0000,6340882.0000,42240.0000,309.0000,0.0000,0.0000,0.0000,0.0000,0.0000
1526991946.0000,125113.0000,2616.0000,13510681.0000,294109889.0000,1860450.0000,157493738.0000,0.0000,0.0000,1576650531.0000,16226430.0000,536060052.0000,1931.0000,30076128.0000,33854613.0000,14866.0000,0.0000,0.0000,1553791778.0000,3323480.0000,1553791778.0000,35057734.0000,313876172.0000,313633553.0000,14872999.0000,0.0000,0.0000,1475275609.0000,28833073.0000,4498909.0000,2180274.0000,24123464.0000,737637780.0000,18180730.0000,0.0000,0.0000,1575667497.0000,5934030.0000,42453.0000,308.0000,0.0000,0.0000,0.0000,0.0000,0.0000
1576770893.0000,125933.0000,2736.0000,14485519.0000,309656672.0000,1110799.0000,165805417.0000,0.0000,0.0000,1552171182.0000,16770008.0000,515124008.0000,1941.0000,28771739.0000,32387786.0000,14861.0000,0.0000,0.0000,1577832022.0000,3250161.0000,1577832022.0000,34429265.0000,310237691.0000,309341354.0000,14976246.0000,0.0000,0.0000,1583944477.0000,29389576.0000,4781267.0000,2305952.0000,25347864.0000,791972226.0000,19319486.0000,0.0000,0.0000,1553102883.0000,5878640.0000,42467.0000,267.0000,0.0000,0.0000,0.0000,0.0000,0.0000
1551069684.0000,126986.0000,3013.0000,14421691.0000,302623745.0000,1122853.0000,162102831.0000,0.0000,0.0000,1577574039.0000,15855511.0000,562808706.0000,1933.0000,31697692.0000,35675557.0000,14976.0000,0.0000,0.0000,1577600972.0000,3322377.0000,1577600972.0000,35130757.0000,315845635.0000,315156482.0000,15139131.0000,0.0000,0.0000,1576603949.0000,28295669.0000,4600609.0000,2175851.0000,24101051.0000,788301965.0000,18590434.0000,0.0000,0.0000,1574908475.0000,5916760.0000,42412.0000,324.0000,0.0000,0.0000,0.0000,0.0000,0.0000
1576530076.0000,121198.0000,2536.0000,13035920.0000,276110776.0000,1118196.0000,143975882.0000,0.0000,0.0000,1515701755.0000,16473015.0000,427408163.0000,1899.0000,23441293.0000,26410807.0000,14630.0000,0.0000,0.0000,1577290211.0000,3428453.0000,1577290211.0000,36154067.0000,324013501.0000,323587357.0000,15639782.0000,0.0000,0.0000,1577531972.0000,28989305.0000,4600899.0000,2248255.0000,24594849.0000,788765981.0000,18669685.0000,0.0000,0.0000,1577154789.0000,5592008.0000,42786.0000,297.0000,0.0000,0.0000,0.0000,0.0000,0.0000
1505527167.0000,126783.0000,2742.0000,13449451.0000,279005177.0000,3696176.0000,149857519.0000,0.0000,0.0000,1592658057.0000,17434230.0000,550423900.0000,2966.0000,30789583.0000,34635361.0000,14938.0000,0.0000,0.0000,1574595603.0000,2977945.0000,1574595603.0000,31724883.0000,290504094.0000,286428026.0000,15233841.0000,0.0000,0.0000,1551010711.0000,27905787.0000,4891093.0000,2459479.0000,25485754.0000,775505359.0000,19767771.0000,0.0000,0.0000,1574230518.0000,5932091.0000,42486.0000,325.0000,0.0000,0.0000,0.0000,0.0000,0.0000
1573585140.0000,126649.0000,3136.0000,14129074.0000,310707003.0000,1625020.0000,166292711.0000,0.0000,0.0000,1572282601.0000,16824491.0000,562518010.0000,2698.0000,31579161.0000,35529301.0000,14974.0000,0.0000,0.0000,1508427456.0000,1894126.0000,1508427456.0000,21508339.0000,210245587.0000,203656397.0000,13538935.0000,0.0000,0.0000,1108382757.0000,23898239.0000,3280456.0000,1519456.0000,18284904.0000,554191333.0000,13244943.0000,0.0000,0.0000,1578656737.0000,6923357.0000,41546.0000,271.0000,0.0000,0.0000,0.0000,0.0000,0.0000
1560939774.0000,131655.0000,2798.0000,13993522.0000,293639648.0000,3181101.0000,156895743.0000,0.0000,0.0000,1464318508.0000,15924631.0000,506932846.0000,2196.0000,28393222.0000,31977043.0000,14847.0000,0.0000,0.0000,1554849381.0000,3433753.0000,1554849381.0000,36172715.0000,323410799.0000,323592269.0000,15425972.0000,0.0000,0.0000,1021860282.0000,19636853.0000,3703633.0000,1839519.0000,21233658.0000,510930110.0000,14920223.0000,0.0000,0.0000,1502418306.0000,6972892.0000,41532.0000,297.0000,0.0000,0.0000,0.0000,0.0000,0.0000
1574076436.0000,126562.0000,2883.0000,15305857.0000,313872198.0000,1112858.0000,168124737.0000,0.0000,0.0000,1586385003.0000,17196070.0000,486987442.0000,1965.0000,26995707.0000,30387080.0000,14772.0000,0.0000,0.0000,1553965599.0000,3187216.0000,1553965599.0000,33802777.0000,305148143.0000,304130881.0000,15174264.0000,0.0000,0.0000,1011366908.0000,19380584.0000,3313729.0000,1579801.0000,18883746.0000,505683353.0000,13375217.0000,0.0000,0.0000,1340336691.0000,6266854.0000,41030.0000,270.0000,0.0000,0.0000,0.0000,0.0000,0.0000
1564996950.0000,127795.0000,2916.0000,13920211.0000,275094137.0000,4144377.0000,145892454.0000,0.0000,0.0000,1558641788.0000,18864217.0000,468553516.0000,4618.0000,25813038.0000,29044392.0000,14735.0000,0.0000,0.0000,1570411044.0000,3364329.0000,1570411044.0000,35489514.0000,318453440.0000,317790145.0000,15587334.0000,0.0000,0.0000,1013198733.0000,18663011.0000,3126120.0000,1514733.0000,17912921.0000,506599247.0000,12647154.0000,0.0000,0.0000,1011865723.0000,4979424.0000,40775.0000,221.0000,0.0000,0.0000,0.0000,0.0000,0.0000
1562948704.0000,132163.0000,2927.0000,14475063.0000,301061748.0000,2723663.0000,161753463.0000,0.0000,0.0000,1458994678.0000,15711957.0000,517386097.0000,3317.0000,29038862.0000,32701558.0000,14874.0000,0.0000,0.0000,1578250434.0000,3457803.0000,1578250434.0000,36493125.0000,327110445.0000,326916686.0000,15693313.0000,0.0000,0.0000,1009753128.0000,19741592.0000,2790816.0000,1328369.0000,16034722.0000,504876508.0000,11315562.0000,0.0000,0.0000,1013573602.0000,5134680.0000,40605.0000,197.0000,0.0000,0.0000,0.0000,0.0000,0.0000
1517213145.0000,130643.0000,2943.0000,13458824.0000,298876112.0000,1623860.0000,159948309.0000,0.0000,0.0000,1551548245.0000,16694033.0000,549675533.0000,3720.0000,30827847.0000,34688088.0000,14944.0000,0.0000,0.0000,1553821022.0000,3222191.0000,1553821022.0000,34198811.0000,308807761.0000,307671196.0000,14935976.0000,0.0000,0.0000,1023300631.0000,19525235.0000,3144425.0000,1519039.0000,17865732.0000,511650292.0000,12722072.0000,0.0000,0.0000,1022758318.0000,4985785.0000,40750.0000,203.0000,0.0000,0.0000,0.0000,0.0000,0.0000
1495261555.0000,128654.0000,3133.0000,13569304.0000,306866227.0000,643462.0000,164282565.0000,0.0000,0.0000,1573436552.0000,17216791.0000,537577964.0000,2341.0000,30049071.0000,33812823.0000,15122.0000,0.0000,0.0000,1576374422.0000,3401355.0000,1576374422.0000,35881558.0000,321788365.0000,321345159.0000,15633359.0000,0.0000,0.0000,1024094656.0000,19574124.0000,2884025.0000,1384760.0000,16432290.0000,512047301.0000,11702901.0000,0.0000,0.0000,1023889241.0000,4969815.0000,40903.0000,201.0000,0.0000,0.0000,0.0000,0.0000,0.0000
1572952836.0000,127554.0000,3046.0000,13857923.0000,306646594.0000,2090703.0000,164224942.0000,0.0000,0.0000,1550752667.0000,16429744.0000,558077602.0000,1953.0000,31353219.0000,35281591.0000,14962.0000,0.0000,0.0000,1546046096.0000,3303259.0000,1546046096.0000,34885132.0000,312853956.0000,312484256.0000,14741763.0000,0.0000,0.0000,1021749435.0000,21830140.0000,3112564.0000,1498444.0000,17725035.0000,510874707.0000,12581994.0000,0.0000,0.0000,1022401782.0000,4978878.0000,40750.0000,184.0000,0.0000,0.0000,0.0000,0.0000,0.0000
1573056109.0000,124993.0000,2782.0000,14353046.0000,313340413.0000,1132180.0000,167602786.0000,0.0000,0.0000,1577757623.0000,17245246.0000,555102009.0000,1932.0000,31081937.0000,34966591.0000,14959.0000,0.0000,0.0000,1576887440.0000,3204068.0000,1576887440.0000,34014701.0000,307359975.0000,306173180.0000,15136969.0000,0.0000,0.0000,1024606392.0000,19835707.0000,3111062.0000,1506801.0000,17738131.0000,512303160.0000,12596197.0000,0.0000,0.0000,1023217402.0000,4902132.0000,40845.0000,213.0000,0.0000,0.0000,0.0000,0.0000,0.0000
1573859130.0000,125477.0000,3104.0000,14210406.0000,314660933.0000,1092663.0000,168127777.0000,0.0000,0.0000,1577679527.0000,17649205.0000,507115644.0000,1937.0000,28162773.0000,31689441.0000,14833.0000,0.0000,0.0000,1577910494.0000,3492519.0000,1577910494.0000,36763638.0000,328495853.0000,328445313.0000,15640164.0000,0.0000,0.0000,1024132294.0000,19512712.0000,2902711.0000,1372648.0000,16421455.0000,512066109.0000,11737869.0000,0.0000,0.0000,1021457225.0000,5281823.0000,40537.0000,222.0000,0.0000,0.0000,0.0000,0.0000,0.0000
1640164818.0000,129435.0000,3225.0000,14041090.0000,298290692.0000,4221254.0000,159714284.0000,0.0000,0.0000,1570160892.0000,17071339.0000,554776280.0000,2959.0000,31103712.0000,34993530.0000,14959.0000,0.0000,0.0000,1552119724.0000,3272364.0000,1552119724.0000,34637858.0000,311777870.0000,310995802.0000,15027295.0000,0.0000,0.0000,1021411162.0000,19009065.0000,3091929.0000,1523576.0000,17675252.0000,510705567.0000,12540806.0000,0.0000,0.0000,1023177986.0000,4926038.0000,40773.0000,188.0000,0.0000,0.0000,0.0000,0.0000,0.0000
1571678020.0000,127827.0000,2737.0000,13726792.0000,320557260.0000,1106787.0000,171763596.0000,0.0000,0.0000,1572063489.0000,17041555.0000,547688378.0000,2701.0000,30667979.0000,34505139.0000,14942.0000,0.0000,0.0000,1460956228.0000,2284919.0000,1460956228.0000,25472386.0000,235392889.0000,228989978.0000,12456827.0000,0.0000,0.0000,1024035743.0000,20526814.0000,2788416.0000,1363991.0000,16019236.0000,512017842.0000,11344680.0000,0.0000,0.0000,1023372775.0000,5002441.0000,40818.0000,196.0000,0.0000,0.0000,0.0000,0.0000,0.0000
1507186432.0000,124953.0000,2722.0000,12938093.0000,259336455.0000,904146.0000,135058533.0000,0.0000,0.0000,1575763773.0000,16936866.0000,557462411.0000,2187.0000,31261706.0000,35173277.0000,14970.0000,0.0000,0.0000,782896598.0000,1689574.0000,782896598.0000,18610699.0000,159307283.0000,159384489.0000,7801863.0000,0.0000,0.0000,1021173720.0000,21022128.0000,3158427.0000,1498685.0000,17868999.0000,510586833.0000,12751759.0000,0.0000,0.0000,1021072418.0000,5516122.0000,40306.0000,200.0000,0.0000,0.0000,0.0000,0.0000,0.0000
1382820223.0000,122747.0000,2561.0000,13308073.0000,274739144.0000,1311873.0000,147149272.0000,0.0000,0.0000,1575889989.0000,16268917.0000,521006493.0000,1956.0000,29080841.0000,32733103.0000,14870.0000,0.0000,0.0000,674442798.0000,1497905.0000,674442798.0000,16059617.0000,140203156.0000,141082286.0000,7035577.0000,0.0000,0.0000,1016681106.0000,19290363.0000,2967467.0000,1439711.0000,17001573.0000,508340549.0000,12020960.0000,0.0000,0.0000,1014492463.0000,5840804.0000,40061.0000,205.0000,0.0000,0.0000,0.0000,0.0000,0.0000
1167127911.0000,115656.0000,2419.0000,10370669.0000,225585739.0000,1357400.0000,120108372.0000,0.0000,0.0000,1420875556.0000,14266783.0000,415428650.0000,1908.0000,23185568.0000,26420431.0000,14613.0000,0.0000,0.0000,679941061.0000,1624465.0000,679941061.0000,17298704.0000,150189072.0000,151373379.0000,7285567.0000,0.0000,0.0000,894178873.0000,16644194.0000,3787002.0000,2046844.0000,18675936.0000,447089323.0000,15193738.0000,0.0000,0.0000,1186431756.0000,5506149.0000,40424.0000,243.0000,0.0000,0.0000,0.0000,0.0000,0.0000
1230201428.0000,119414.0000,2408.0000,10817864.0000,251920460.0000,316122.0000,134366773.0000,0.0000,0.0000,1023656301.0000,11479088.0000,379581476.0000,1835.0000,21404094.0000,24223836.0000,14574.0000,0.0000,0.0000,680373732.0000,1594432.0000,680373732.0000,17000382.0000,147785015.0000,148927095.0000,7243241.0000,0.0000,0.0000,1021474304.0000,19692279.0000,2838688.0000,1372561.0000,14080940.0000,510737090.0000,11506221.0000,0.0000,0.0000,1545151904.0000,5990738.0000,42589.0000,294.0000,0.0000,0.0000,0.0000,0.0000,0.0000
874844237.0000,114155.0000,1985.0000,8446735.0000,182317714.0000,566810.0000,97406006.0000,0.0000,0.0000,719873609.0000,7782607.0000,275172686.0000,1774.0000,16431679.0000,19766764.0000,14325.0000,0.0000,0.0000,683168569.0000,1593026.0000,683168569.0000,17646251.0000,148614236.0000,149924230.0000,7336699.0000,0.0000,0.0000,1014194833.0000,20804549.0000,3063216.0000,1474248.0000,15122543.0000,507097327.0000,12394791.0000,0.0000,0.0000,1571818769.0000,5840404.0000,42466.0000,310.0000,0.0000,0.0000,0.0000,0.0000,0.0000
359246402.0000,103312.0000,1410.0000,2187160.0000,38763643.0000,25628.0000,17360952.0000,0.0000,0.0000,292714893.0000,2071903.0000,21854185.0000,1704.0000,1338342.0000,2151874.0000,13753.0000,0.0000,0.0000,465096347.0000,675892.0000,465096347.0000,8797141.0000,68969948.0000,67397938.0000,3922529.0000,0.0000,0.0000,1024785968.0000,20153578.0000,2951561.0000,1449413.0000,14635219.0000,512392944.0000,11969940.0000,0.0000,0.0000,1532792240.0000,5343748.0000,42496.0000,304.0000,0.0000,0.0000,0.0000,0.0000,0.0000
328281728.0000,102279.0000,1191.0000,1541224.0000,23037644.0000,33525.0000,5793585.0000,0.0000,0.0000,345002991.0000,2655930.0000,25307628.0000,1709.0000,1184072.0000,1696819.0000,13750.0000,0.0000,0.0000,289703745.0000,91648.0000,289703745.0000,2228404.0000,16687260.0000,13382380.0000,1919793.0000,0.0000,0.0000,1025707303.0000,21075260.0000,2988292.0000,1430410.0000,14771998.0000,512853640.0000,12101814.0000,0.0000,0.0000,1076925730.0000,3220690.0000,40658.0000,192.0000,0.0000,0.0000,0.0000,0.0000,0.0000
250138708.0000,102103.0000,1218.0000,1149190.0000,18356756.0000,26196.0000,4753953.0000,0.0000,0.0000,221519564.0000,2101804.0000,20315427.0000,1702.0000,1045666.0000,1557994.0000,13746.0000,0.0000,0.0000,344441829.0000,92033.0000,344441829.0000,1863080.0000,24781064.0000,17155958.0000,2547975.0000,0.0000,0.0000,1026628949.0000,19605063.0000,3145646.0000,1527108.0000,15513222.0000,513314468.0000,12730121.0000,0.0000,0.0000,1022798962.0000,2470840.0000,40766.0000,173.0000,0.0000,0.0000,0.0000,0.0000,0.0000
